0 0.03515625 0.56640625 0.02734375 0.57421875 0.02734375 0.578125 0.0234375 0.58203125 0.0234375 0.59765625 0.03125 0.60546875 0.03125 0.609375 0.046875 0.609375 0.05859375 0.59765625 0.05859375 0.57421875 0.0546875 0.5703125 0.05078125 0.5703125 0.046875 0.56640625
0 0.76171875 0.77734375 0.7578125 0.78125 0.75390625 0.78125 0.75 0.78515625 0.75 0.7890625 0.74609375 0.79296875 0.75 0.796875 0.75 0.80078125 0.74609375 0.8046875 0.74609375 0.80859375 0.7421875 0.8125 0.74609375 0.8125 0.75390625 0.8203125 0.765625 0.8203125 0.76953125 0.81640625 0.78125 0.81640625 0.78515625 0.8125 0.78515625 0.79296875 0.76953125 0.77734375
0 0.09375 0.046875 0.08984375 0.05078125 0.09375 0.0546875 0.08984375 0.05859375 0.09375 0.0625 0.09375 0.0703125 0.1015625 0.078125 0.11328125 0.078125 0.1171875 0.07421875 0.1171875 0.0703125 0.12109375 0.06640625 0.12109375 0.05859375 0.109375 0.046875
0 0.51953125 0.92578125 0.51171875 0.93359375 0.51171875 0.9375 0.5078125 0.94140625 0.5078125 0.95703125 0.515625 0.96484375 0.53125 0.96484375 0.54296875 0.953125 0.54296875 0.94921875 0.546875 0.9453125 0.546875 0.9375 0.54296875 0.93359375 0.54296875 0.9296875 0.5390625 0.92578125
0 0.81640625 0.83203125 0.8125 0.8359375 0.80859375 0.8359375 0.8046875 0.83984375 0.80078125 0.83984375 0.80078125 0.8671875 0.8046875 0.87109375 0.8046875 0.875 0.80859375 0.875 0.8125 0.87890625 0.81640625 0.875 0.828125 0.875 0.828125 0.87109375 0.83203125 0.8671875 0.83203125 0.86328125 0.8359375 0.859375 0.8359375 0.84375 0.83203125 0.83984375 0.83203125 0.8359375 0.82421875 0.8359375 0.8203125 0.83203125
0 0.40625 0.01953125 0.40234375 0.0234375 0.390625 0.0234375 0.38671875 0.02734375 0.38671875 0.04296875 0.3828125 0.046875 0.3828125 0.0546875 0.38671875 0.05859375 0.40234375 0.05859375 0.40625 0.0546875 0.40625 0.05078125 0.41015625 0.046875 0.4140625 0.046875 0.41796875 0.04296875 0.41796875 0.0234375 0.4140625 0.01953125
0 0.37109375 0.015625 0.3671875 0.01953125 0.359375 0.01953125 0.35546875 0.0234375 0.35546875 0.03515625 0.359375 0.0390625 0.359375 0.046875 0.36328125 0.05078125 0.375 0.05078125 0.3828125 0.04296875 0.3828125 0.02734375 0.38671875 0.0234375 0.38671875 0.01953125 0.3828125 0.015625
0 0.37109375 0.0 0.37109375 0.01171875 0.3828125 0.01171875 0.390625 0.01953125 0.40234375 0.01953125 0.40234375 0.0
0 0.953125 0.0 0.953125 0.00390625 0.9609375 0.01171875 0.96484375 0.01171875 0.96875 0.015625 0.9921875 0.015625 0.99609375 0.01171875 0.99609375 0.0
0 0.890625 0.91015625 0.8828125 0.91796875 0.8828125 0.92578125 0.87890625 0.9296875 0.87890625 0.9375 0.8828125 0.94140625 0.8828125 0.9453125 0.90625 0.9453125 0.91015625 0.94921875 0.91015625 0.9453125 0.9140625 0.94140625 0.9140625 0.921875 0.91015625 0.91796875 0.91015625 0.9140625 0.90625 0.91015625
0 0.89453125 0.984375 0.890625 0.98828125 0.88671875 0.98828125 0.88671875 0.9921875 0.8828125 0.99609375 0.9140625 0.99609375 0.9140625 0.9921875 0.91015625 0.98828125 0.90625 0.98828125 0.90234375 0.984375
0 0.71875 0.77734375 0.71484375 0.78125 0.71484375 0.78515625 0.7109375 0.7890625 0.7109375 0.8125 0.71484375 0.81640625 0.71484375 0.8203125 0.734375 0.8203125 0.73828125 0.81640625 0.73828125 0.8125 0.7421875 0.80859375 0.7421875 0.8046875 0.74609375 0.80078125 0.74609375 0.796875 0.7421875 0.79296875 0.7421875 0.78515625 0.73828125 0.78125 0.73828125 0.77734375
0 0.94921875 0.625 0.94140625 0.6328125 0.94140625 0.65234375 0.94921875 0.66015625 0.96875 0.66015625 0.9765625 0.65234375 0.9765625 0.640625 0.97265625 0.63671875 0.97265625 0.6328125 0.96875 0.62890625 0.96484375 0.62890625 0.9609375 0.625
0 0.9765625 0.5625 0.9609375 0.578125 0.9609375 0.5859375 0.95703125 0.58984375 0.95703125 0.59375 0.9609375 0.59765625 0.9609375 0.60546875 0.96484375 0.609375 0.96484375 0.61328125 0.97265625 0.62109375 0.9921875 0.62109375 0.99609375 0.6171875 0.99609375 0.56640625 0.9921875 0.56640625 0.98828125 0.5625
0 0.0625 0.04296875 0.05859375 0.046875 0.05859375 0.06640625 0.0625 0.0703125 0.06640625 0.0703125 0.0703125 0.07421875 0.08203125 0.07421875 0.08203125 0.0703125 0.0859375 0.06640625 0.08984375 0.06640625 0.08984375 0.0625 0.0859375 0.05859375 0.08984375 0.0546875 0.0859375 0.0546875 0.078125 0.046875 0.078125 0.04296875
0 0.4140625 0.0 0.4140625 0.0078125 0.41796875 0.0078125 0.421875 0.01171875 0.42578125 0.01171875 0.4296875 0.015625 0.44140625 0.015625 0.44921875 0.0078125 0.44921875 0.0
