0 0.065625 0.49609375 0.0625 0.5 0.059375 0.5 0.05 0.51171875 0.05 0.51953125 0.046875 0.5234375 0.046875 0.5390625 0.05625 0.55078125 0.0625 0.55078125 0.065625 0.5546875 0.090625 0.5546875 0.103125 0.5390625 0.103125 0.52734375 0.1 0.5234375 0.1 0.51953125 0.090625 0.5078125 0.090625 0.50390625 0.0875 0.5 0.08125 0.5 0.078125 0.49609375
0 0.234375 0.359375 0.23125 0.36328125 0.228125 0.36328125 0.215625 0.37890625 0.215625 0.3828125 0.2125 0.38671875 0.2125 0.41015625 0.228125 0.4296875 0.246875 0.4296875 0.25 0.42578125 0.253125 0.42578125 0.25625 0.421875 0.259375 0.421875 0.275 0.40234375 0.275 0.3984375 0.278125 0.39453125 0.278125 0.37890625 0.275 0.375 0.275 0.37109375 0.26875 0.36328125 0.265625 0.36328125 0.2625 0.359375
0 0.8125 0.98046875 0.809375 0.984375 0.80625 0.984375 0.803125 0.98828125 0.803125 0.9921875 0.8 0.99609375 0.840625 0.99609375 0.840625 0.98828125 0.834375 0.98046875
0 0.36875 0.57421875 0.346875 0.6015625 0.34375 0.6015625 0.340625 0.60546875 0.3375 0.60546875 0.334375 0.609375 0.33125 0.609375 0.31875 0.625 0.31875 0.62890625 0.309375 0.640625 0.30625 0.640625 0.296875 0.65234375 0.296875 0.65625 0.29375 0.66015625 0.29375 0.6640625 0.26875 0.6953125 0.265625 0.6953125 0.25625 0.70703125 0.25625 0.71484375 0.253125 0.71875 0.253125 0.72265625 0.25 0.7265625 0.25 0.73046875 0.246875 0.734375 0.246875 0.75 0.25 0.75390625 0.25625 0.75390625 0.259375 0.75 0.2625 0.75 0.265625 0.74609375 0.26875 0.74609375 0.28125 0.73046875 0.284375 0.73046875 0.290625 0.72265625 0.29375 0.72265625 0.3 0.71484375 0.303125 0.71484375 0.309375 0.70703125 0.3125 0.70703125 0.315625 0.703125 0.315625 0.69921875 0.31875 0.6953125 0.31875 0.6875 0.321875 0.68359375 0.321875 0.6796875 0.33125 0.66796875 0.334375 0.66796875 0.340625 0.66015625 0.34375 0.66015625 0.359375 0.640625 0.359375 0.63671875 0.371875 0.62109375 0.371875 0.6171875 0.375 0.61328125 0.375 0.60546875 0.378125 0.6015625 0.378125 0.578125 0.375 0.57421875
0 0.31875 0.5234375 0.315625 0.52734375 0.309375 0.52734375 0.303125 0.53515625 0.3 0.53515625 0.278125 0.5625 0.278125 0.56640625 0.271875 0.57421875 0.271875 0.578125 0.265625 0.5859375 0.265625 0.58984375 0.259375 0.59765625 0.259375 0.6015625 0.25625 0.60546875 0.25625 0.609375 0.253125 0.61328125 0.253125 0.62109375 0.25 0.625 0.25 0.64453125 0.25625 0.65234375 0.275 0.65234375 0.28125 0.64453125 0.284375 0.64453125 0.29375 0.6328125 0.29375 0.62890625 0.30625 0.61328125 0.30625 0.609375 0.3125 0.6015625 0.3125 0.59765625 0.31875 0.58984375 0.31875 0.58203125 0.325 0.57421875 0.325 0.56640625 0.33125 0.55859375 0.33125 0.5546875 0.334375 0.55078125 0.334375 0.52734375 0.33125 0.5234375
0 0.496875 0.453125 0.490625 0.4609375 0.490625 0.46484375 0.4875 0.46875 0.4875 0.47265625 0.48125 0.48046875 0.48125 0.4921875 0.478125 0.49609375 0.478125 0.50390625 0.48125 0.5078125 0.490625 0.5078125 0.49375 0.50390625 0.496875 0.50390625 0.5 0.5 0.50625 0.5 0.509375 0.49609375 0.51875 0.49609375 0.521875 0.4921875 0.53125 0.4921875 0.534375 0.48828125 0.5375 0.48828125 0.54375 0.48046875 0.54375 0.4609375 0.540625 0.45703125 0.5375 0.45703125 0.534375 0.453125
0 0.065625 0.56640625 0.0625 0.5703125 0.053125 0.5703125 0.05 0.57421875 0.046875 0.57421875 0.04375 0.578125 0.04375 0.59375 0.046875 0.59765625 0.046875 0.6015625 0.05 0.60546875 0.05 0.609375 0.053125 0.61328125 0.053125 0.6171875 0.05625 0.62109375 0.05625 0.625 0.059375 0.62890625 0.0625 0.62890625 0.065625 0.6328125 0.096875 0.6328125 0.1 0.62890625 0.103125 0.62890625 0.10625 0.625 0.10625 0.62109375 0.1125 0.61328125 0.1125 0.609375 0.115625 0.60546875 0.115625 0.6015625 0.11875 0.59765625 0.11875 0.578125 0.1125 0.5703125 0.10625 0.5703125 0.103125 0.56640625
0 0.2375 0.19140625 0.234375 0.1953125 0.221875 0.1953125 0.21875 0.19921875 0.209375 0.19921875 0.20625 0.203125 0.203125 0.203125 0.19375 0.21484375 0.19375 0.21875 0.2 0.2265625 0.2375 0.2265625 0.240625 0.22265625 0.25 0.22265625 0.253125 0.21875 0.2625 0.21875 0.265625 0.21484375 0.26875 0.21484375 0.275 0.20703125 0.275 0.19921875 0.26875 0.19140625
0 0.934375 0.01171875 0.93125 0.015625 0.928125 0.015625 0.925 0.01953125 0.921875 0.01953125 0.91875 0.0234375 0.915625 0.0234375 0.909375 0.03125 0.9 0.03125 0.896875 0.03515625 0.89375 0.03515625 0.88125 0.05078125 0.88125 0.08203125 0.884375 0.0859375 0.890625 0.0859375 0.9 0.07421875 0.903125 0.07421875 0.9125 0.0625 0.915625 0.0625 0.91875 0.05859375 0.921875 0.05859375 0.925 0.0546875 0.928125 0.0546875 0.93125 0.05078125 0.94375 0.05078125 0.953125 0.0390625 0.953125 0.01953125 0.946875 0.01171875
0 0.04375 0.234375 0.034375 0.24609375 0.034375 0.25 0.03125 0.25390625 0.03125 0.2578125 0.025 0.265625 0.025 0.26953125 0.003125 0.296875 0.0 0.296875 0.0 0.3515625 0.015625 0.3515625 0.01875 0.34765625 0.03125 0.34765625 0.034375 0.34375 0.04375 0.34375 0.046875 0.33984375 0.05625 0.33984375 0.059375 0.3359375 0.0625 0.3359375 0.075 0.3203125 0.075 0.31640625 0.08125 0.30859375 0.08125 0.30078125 0.084375 0.296875 0.084375 0.265625 0.06875 0.24609375 0.065625 0.24609375 0.0625 0.2421875 0.059375 0.2421875 0.05625 0.23828125 0.053125 0.23828125 0.05 0.234375
0 0.0625 0.03125 0.053125 0.04296875 0.053125 0.05078125 0.05 0.0546875 0.05 0.06640625 0.05625 0.07421875 0.071875 0.07421875 0.078125 0.06640625 0.08125 0.06640625 0.084375 0.0625 0.084375 0.05078125 0.0875 0.046875 0.0875 0.0390625 0.08125 0.03125
0 0.675 0.73046875 0.671875 0.734375 0.659375 0.734375 0.65625 0.73828125 0.653125 0.73828125 0.65 0.7421875 0.65 0.77734375 0.65625 0.78515625 0.65625 0.7890625 0.665625 0.80078125 0.665625 0.8046875 0.678125 0.8203125 0.684375 0.8203125 0.6875 0.82421875 0.690625 0.82421875 0.7 0.8125 0.7 0.80859375 0.70625 0.80078125 0.70625 0.78125 0.709375 0.77734375 0.709375 0.75 0.70625 0.74609375 0.70625 0.7421875 0.696875 0.73046875
0 0.971875 0.78125 0.9625 0.79296875 0.9625 0.796875 0.940625 0.82421875 0.940625 0.828125 0.9375 0.83203125 0.9375 0.8515625 0.94375 0.859375 0.959375 0.859375 0.9625 0.85546875 0.975 0.85546875 0.978125 0.8515625 0.996875 0.8515625 0.996875 0.78515625 0.99375 0.78515625 0.990625 0.78125
