0 0.71875 0.96484375 0.715625 0.96875 0.709375 0.96875 0.70625 0.97265625 0.703125 0.97265625 0.69375 0.984375 0.69375 0.9921875 0.696875 0.99609375 0.71875 0.99609375 0.721875 0.9921875 0.725 0.9921875 0.728125 0.98828125 0.7375 0.98828125 0.74375 0.98046875 0.74375 0.97265625 0.740625 0.96875 0.7375 0.96875 0.734375 0.96484375
0 0.96875 0.7265625 0.9625 0.734375 0.959375 0.734375 0.95625 0.73828125 0.953125 0.73828125 0.95 0.7421875 0.95 0.7578125 0.953125 0.76171875 0.9625 0.76171875 0.96875 0.75390625 0.971875 0.75390625 0.98125 0.7421875 0.98125 0.73046875 0.978125 0.7265625
0 0.434375 0.81640625 0.43125 0.8203125 0.428125 0.8203125 0.41875 0.83203125 0.41875 0.8359375 0.415625 0.83984375 0.415625 0.84765625 0.41875 0.8515625 0.440625 0.8515625 0.446875 0.84375 0.45 0.84375 0.45625 0.8359375 0.45625 0.82421875 0.45 0.81640625
0 0.6625 0.7734375 0.653125 0.78515625 0.653125 0.79296875 0.646875 0.80078125 0.646875 0.82421875 0.653125 0.83203125 0.659375 0.83203125 0.66875 0.8203125 0.671875 0.8203125 0.678125 0.8125 0.678125 0.80859375 0.6875 0.796875 0.6875 0.78515625 0.678125 0.7734375
0 0.0 0.79296875 0.0 0.83984375 0.003125 0.83984375 0.009375 0.83203125 0.0125 0.83203125 0.025 0.81640625 0.025 0.80859375 0.01875 0.80078125 0.0125 0.80078125 0.009375 0.796875 0.00625 0.796875 0.003125 0.79296875
0 0.771875 0.81640625 0.76875 0.8203125 0.765625 0.8203125 0.7625 0.82421875 0.759375 0.82421875 0.75625 0.828125 0.753125 0.828125 0.75 0.83203125 0.740625 0.83203125 0.7375 0.8359375 0.721875 0.8359375 0.7125 0.84765625 0.709375 0.84765625 0.70625 0.8515625 0.70625 0.87109375 0.709375 0.875 0.74375 0.875 0.746875 0.87109375 0.753125 0.87109375 0.759375 0.86328125 0.7625 0.86328125 0.771875 0.8515625 0.775 0.8515625 0.78125 0.84375 0.784375 0.84375 0.7875 0.83984375 0.7875 0.828125 0.784375 0.82421875 0.78125 0.82421875 0.775 0.81640625
0 0.99375 0.9140625 0.99375 0.91796875 0.990625 0.921875 0.9875 0.921875 0.9875 0.9296875 0.990625 0.93359375 0.990625 0.9375 0.996875 0.9375 0.996875 0.9140625
0 0.403125 0.984375 0.4 0.98828125 0.39375 0.98828125 0.3875 0.99609375 0.384375 0.99609375 0.421875 0.99609375 0.421875 0.98828125 0.41875 0.984375
0 0.578125 0.8671875 0.575 0.87109375 0.575 0.890625 0.58125 0.8984375 0.584375 0.8984375 0.590625 0.90625 0.59375 0.90625 0.596875 0.91015625 0.621875 0.91015625 0.625 0.90625 0.625 0.890625 0.61875 0.8828125 0.615625 0.8828125 0.6125 0.87890625 0.609375 0.87890625 0.60625 0.875 0.603125 0.875 0.6 0.87109375 0.59375 0.87109375 0.590625 0.8671875
0 0.665625 0.96875 0.6625 0.97265625 0.65625 0.97265625 0.653125 0.9765625 0.65 0.9765625 0.6375 0.9921875 0.6375 0.99609375 0.66875 0.99609375 0.675 0.98828125 0.678125 0.98828125 0.684375 0.98046875 0.684375 0.9765625 0.678125 0.96875
0 0.8125 0.7734375 0.803125 0.78515625 0.8 0.78515625 0.796875 0.7890625 0.79375 0.7890625 0.790625 0.79296875 0.7875 0.79296875 0.78125 0.80078125 0.78125 0.80859375 0.784375 0.8125 0.790625 0.8125 0.79375 0.80859375 0.8 0.80859375 0.80625 0.80078125 0.8125 0.80078125 0.815625 0.796875 0.81875 0.796875 0.83125 0.78125 0.83125 0.77734375 0.828125 0.7734375
0 0.15625 0.98828125 0.153125 0.9921875 0.15 0.9921875 0.146875 0.99609375 0.14375 0.99609375 0.20625 0.99609375 0.203125 0.9921875 0.1875 0.9921875 0.184375 0.98828125
0 0.73125 0.8984375 0.728125 0.90234375 0.725 0.90234375 0.721875 0.90625 0.71875 0.90625 0.715625 0.91015625 0.7125 0.91015625 0.703125 0.921875 0.703125 0.93359375 0.70625 0.9375 0.71875 0.9375 0.721875 0.93359375 0.725 0.93359375 0.73125 0.92578125 0.7375 0.92578125 0.74375 0.91796875 0.746875 0.91796875 0.75 0.9140625 0.75 0.91015625 0.753125 0.90625 0.753125 0.90234375 0.75 0.8984375
0 0.940625 0.7890625 0.9375 0.79296875 0.9375 0.8046875 0.940625 0.80859375 0.940625 0.8125 0.953125 0.828125 0.95625 0.828125 0.959375 0.82421875 0.959375 0.80078125 0.95 0.7890625
0 0.85 0.78515625 0.8375 0.80078125 0.8375 0.80859375 0.840625 0.8125 0.84375 0.8125 0.853125 0.80078125 0.85625 0.80078125 0.859375 0.796875 0.859375 0.79296875 0.853125 0.78515625
0 0.815625 0.73828125 0.8125 0.7421875 0.796875 0.7421875 0.79375 0.74609375 0.790625 0.74609375 0.784375 0.75390625 0.778125 0.75390625 0.775 0.7578125 0.771875 0.7578125 0.7625 0.76953125 0.759375 0.76953125 0.75625 0.7734375 0.753125 0.7734375 0.75 0.77734375 0.746875 0.77734375 0.740625 0.78515625 0.7375 0.78515625 0.73125 0.79296875 0.73125 0.796875 0.7375 0.8046875 0.74375 0.8046875 0.746875 0.80078125 0.7625 0.80078125 0.765625 0.796875 0.78125 0.796875 0.7875 0.7890625 0.790625 0.7890625 0.79375 0.78515625 0.796875 0.78515625 0.8 0.78125 0.803125 0.78125 0.8125 0.76953125 0.821875 0.76953125 0.821875 0.765625 0.828125 0.7578125 0.828125 0.75390625 0.83125 0.75 0.83125 0.7421875 0.828125 0.73828125
0 0.95 0.97265625 0.94375 0.98046875 0.94375 0.99609375 0.98125 0.99609375 0.984375 0.9921875 0.984375 0.984375 0.978125 0.9765625 0.959375 0.9765625 0.95625 0.97265625
0 0.815625 0.859375 0.80625 0.87109375 0.80625 0.875 0.809375 0.87890625 0.825 0.87890625 0.828125 0.8828125 0.83125 0.8828125 0.834375 0.88671875 0.85 0.88671875 0.85625 0.87890625 0.85625 0.8671875 0.853125 0.86328125 0.840625 0.86328125 0.8375 0.859375
0 0.665625 0.9296875 0.659375 0.9375 0.653125 0.9375 0.64375 0.94921875 0.64375 0.95703125 0.646875 0.9609375 0.653125 0.9609375 0.65625 0.95703125 0.66875 0.95703125 0.671875 0.953125 0.6875 0.953125 0.690625 0.94921875 0.69375 0.94921875 0.696875 0.9453125 0.696875 0.93359375 0.69375 0.9296875
0 0.09375 0.93359375 0.090625 0.9375 0.084375 0.9375 0.078125 0.9453125 0.071875 0.9453125 0.06875 0.94921875 0.065625 0.94921875 0.0625 0.953125 0.05625 0.953125 0.046875 0.96484375 0.046875 0.96875 0.05625 0.98046875 0.059375 0.98046875 0.0625 0.984375 0.071875 0.984375 0.075 0.98046875 0.078125 0.98046875 0.08125 0.9765625 0.090625 0.9765625 0.09375 0.97265625 0.096875 0.97265625 0.1 0.96875 0.103125 0.96875 0.109375 0.9609375 0.1125 0.9609375 0.115625 0.95703125 0.11875 0.95703125 0.125 0.94921875 0.125 0.9375 0.121875 0.93359375
0 0.334375 0.90625 0.33125 0.91015625 0.328125 0.91015625 0.321875 0.91796875 0.321875 0.921875 0.328125 0.9296875 0.328125 0.9375 0.33125 0.94140625 0.3375 0.94140625 0.340625 0.9375 0.34375 0.9375 0.346875 0.93359375 0.353125 0.93359375 0.3625 0.921875 0.365625 0.921875 0.36875 0.91796875 0.36875 0.9140625 0.3625 0.90625
0 0.515625 0.953125 0.5125 0.95703125 0.509375 0.95703125 0.50625 0.9609375 0.503125 0.9609375 0.5 0.96484375 0.496875 0.96484375 0.490625 0.97265625 0.490625 0.9921875 0.49375 0.99609375 0.496875 0.99609375 0.5 0.9921875 0.509375 0.9921875 0.5125 0.98828125 0.521875 0.98828125 0.525 0.984375 0.528125 0.984375 0.53125 0.98046875 0.534375 0.98046875 0.5375 0.9765625 0.540625 0.9765625 0.54375 0.97265625 0.546875 0.97265625 0.55 0.96875 0.55 0.9609375 0.546875 0.95703125 0.54375 0.95703125 0.540625 0.953125
0 0.9875 0.6484375 0.98125 0.65625 0.98125 0.66796875 0.9875 0.67578125 0.990625 0.67578125 0.99375 0.671875 0.996875 0.671875 0.996875 0.6484375
0 0.7875 0.9140625 0.784375 0.91796875 0.78125 0.91796875 0.775 0.92578125 0.771875 0.92578125 0.7625 0.9375 0.7625 0.9453125 0.765625 0.94921875 0.778125 0.94921875 0.78125 0.953125 0.803125 0.953125 0.815625 0.9375 0.815625 0.921875 0.809375 0.9140625
