0 0.89375 0.9296875 0.890625 0.93359375 0.890625 0.94140625 0.8875 0.9453125 0.8875 0.953125 0.884375 0.95703125 0.884375 0.96875 0.88125 0.97265625 0.88125 0.984375 0.884375 0.98828125 0.884375 0.9921875 0.8875 0.99609375 0.940625 0.99609375 0.953125 0.98046875 0.953125 0.96484375 0.94375 0.953125 0.94375 0.94140625 0.9375 0.93359375 0.925 0.93359375 0.91875 0.94140625 0.9125 0.94140625 0.909375 0.9375 0.90625 0.9375 0.9 0.9296875
0 0.890625 0.546875 0.8875 0.55078125 0.884375 0.55078125 0.88125 0.5546875 0.878125 0.5546875 0.83125 0.61328125 0.828125 0.61328125 0.81875 0.625 0.815625 0.625 0.8 0.64453125 0.8 0.6484375 0.79375 0.65625 0.79375 0.66796875 0.796875 0.671875 0.803125 0.671875 0.80625 0.67578125 0.815625 0.67578125 0.81875 0.671875 0.821875 0.671875 0.825 0.66796875 0.828125 0.66796875 0.834375 0.66015625 0.834375 0.65625 0.846875 0.640625 0.846875 0.63671875 0.865625 0.61328125 0.871875 0.61328125 0.878125 0.60546875 0.878125 0.6015625 0.88125 0.59765625 0.88125 0.59375 0.896875 0.57421875 0.896875 0.5703125 0.9 0.56640625 0.9 0.55078125 0.896875 0.546875
0 0.990625 0.48046875 0.9875 0.484375 0.984375 0.484375 0.975 0.49609375 0.975 0.5078125 0.978125 0.51171875 0.978125 0.515625 0.98125 0.51953125 0.98125 0.52734375 0.984375 0.53125 0.984375 0.53515625 0.990625 0.54296875 0.99375 0.54296875 0.996875 0.546875 0.996875 0.48046875
0 0.75625 0.796875 0.753125 0.80078125 0.75 0.80078125 0.746875 0.8046875 0.74375 0.8046875 0.740625 0.80859375 0.73125 0.80859375 0.728125 0.8125 0.728125 0.81640625 0.71875 0.828125 0.71875 0.83203125 0.7125 0.83984375 0.7125 0.84375 0.70625 0.8515625 0.70625 0.859375 0.703125 0.86328125 0.703125 0.8671875 0.696875 0.875 0.696875 0.8828125 0.69375 0.88671875 0.69375 0.9140625 0.696875 0.91796875 0.7 0.91796875 0.703125 0.921875 0.709375 0.921875 0.721875 0.90625 0.725 0.90625 0.73125 0.8984375 0.73125 0.890625 0.74375 0.875 0.74375 0.87109375 0.75625 0.85546875 0.75625 0.84765625 0.759375 0.84375 0.759375 0.83984375 0.765625 0.83203125 0.765625 0.82421875 0.76875 0.8203125 0.76875 0.81640625 0.771875 0.8125 0.771875 0.80859375 0.76875 0.8046875 0.76875 0.80078125 0.765625 0.796875
0 0.971875 0.734375 0.96875 0.73828125 0.965625 0.73828125 0.9625 0.7421875 0.959375 0.7421875 0.95625 0.74609375 0.953125 0.74609375 0.95 0.75 0.946875 0.75 0.928125 0.7734375 0.928125 0.78125 0.925 0.78515625 0.925 0.80078125 0.928125 0.8046875 0.93125 0.8046875 0.9375 0.8125 0.940625 0.8125 0.95 0.82421875 0.978125 0.82421875 0.996875 0.80078125 0.996875 0.73828125 0.99375 0.73828125 0.990625 0.734375
0 0.9125 0.6796875 0.909375 0.68359375 0.903125 0.68359375 0.896875 0.69140625 0.89375 0.69140625 0.878125 0.7109375 0.878125 0.7265625 0.88125 0.73046875 0.8875 0.73046875 0.890625 0.7265625 0.896875 0.7265625 0.9 0.72265625 0.903125 0.72265625 0.90625 0.71875 0.909375 0.71875 0.921875 0.703125 0.921875 0.69921875 0.925 0.6953125 0.925 0.68359375 0.921875 0.6796875
0 0.8875 0.859375 0.884375 0.86328125 0.884375 0.87109375 0.88125 0.875 0.88125 0.87890625 0.878125 0.8828125 0.878125 0.88671875 0.875 0.890625 0.875 0.90234375 0.86875 0.91015625 0.86875 0.9140625 0.865625 0.91796875 0.865625 0.92578125 0.8625 0.9296875 0.8625 0.93359375 0.859375 0.9375 0.859375 0.94140625 0.85625 0.9453125 0.85625 0.94921875 0.853125 0.953125 0.853125 0.9609375 0.85 0.96484375 0.85 0.9765625 0.853125 0.98046875 0.859375 0.98046875 0.8625 0.9765625 0.8625 0.97265625 0.865625 0.96875 0.865625 0.9609375 0.871875 0.953125 0.871875 0.94921875 0.875 0.9453125 0.875 0.94140625 0.884375 0.9296875 0.8875 0.9296875 0.9 0.9140625 0.903125 0.9140625 0.909375 0.90625 0.9125 0.90625 0.915625 0.90234375 0.915625 0.890625 0.909375 0.8828125 0.909375 0.87890625 0.90625 0.875 0.90625 0.87109375 0.903125 0.8671875 0.903125 0.86328125 0.9 0.859375
0 0.934375 0.6640625 0.93125 0.66796875 0.93125 0.6796875 0.928125 0.68359375 0.928125 0.6953125 0.925 0.69921875 0.925 0.703125 0.9125 0.71875 0.9125 0.7265625 0.90625 0.734375 0.90625 0.73828125 0.909375 0.7421875 0.91875 0.7421875 0.928125 0.73046875 0.93125 0.73046875 0.940625 0.71875 0.940625 0.71484375 0.946875 0.70703125 0.946875 0.703125 0.95 0.69921875 0.95 0.671875 0.94375 0.6640625
0 0.996875 0.64453125 0.990625 0.65234375 0.990625 0.69140625 0.9875 0.6953125 0.9875 0.703125 0.99375 0.7109375 0.996875 0.7109375
0 0.99375 0.22265625 0.959375 0.265625 0.959375 0.26953125 0.965625 0.27734375 0.975 0.27734375 0.978125 0.2734375 0.984375 0.2734375 0.9875 0.26953125 0.996875 0.26953125 0.996875 0.22265625
