0 0.83203125 0.484375 0.82421875 0.4921875 0.82421875 0.5 0.828125 0.50390625 0.83984375 0.50390625 0.84765625 0.49609375 0.84765625 0.48828125 0.84375 0.484375
0 0.90625 0.453125 0.89453125 0.46484375 0.89453125 0.48046875 0.8984375 0.484375 0.90234375 0.484375 0.90625 0.48828125 0.91796875 0.48828125 0.92578125 0.48046875 0.92578125 0.4609375 0.91796875 0.453125
0 0.87109375 0.375 0.8671875 0.37890625 0.8671875 0.3828125 0.86328125 0.38671875 0.86328125 0.390625 0.8671875 0.39453125 0.875 0.39453125 0.87890625 0.3984375 0.8984375 0.3984375 0.90234375 0.39453125 0.90234375 0.390625 0.88671875 0.375
0 0.4609375 0.91015625 0.453125 0.91796875 0.453125 0.9375 0.4609375 0.9453125 0.4765625 0.9453125 0.48046875 0.94140625 0.48046875 0.93359375 0.47265625 0.92578125 0.47265625 0.9140625 0.46875 0.91015625
0 0.765625 0.9609375 0.76171875 0.96484375 0.76171875 0.96875 0.7578125 0.97265625 0.7578125 0.98046875 0.765625 0.98828125 0.77734375 0.98828125 0.78125 0.984375 0.78125 0.96484375 0.77734375 0.9609375
0 0.890625 0.41796875 0.8828125 0.42578125 0.8828125 0.4296875 0.87890625 0.43359375 0.87890625 0.4375 0.88671875 0.4453125 0.890625 0.4453125 0.8984375 0.453125 0.90234375 0.453125 0.90625 0.44921875 0.9140625 0.44921875 0.9140625 0.4296875 0.91015625 0.42578125 0.90625 0.42578125 0.8984375 0.41796875
0 0.0078125 0.546875 0.0 0.5546875 0.0 0.58203125 0.00390625 0.5859375 0.0078125 0.5859375 0.015625 0.578125 0.015625 0.57421875 0.0234375 0.56640625 0.0234375 0.55859375 0.01953125 0.5546875 0.01953125 0.55078125 0.015625 0.546875
0 0.91015625 0.984375 0.90625 0.98828125 0.90625 0.99609375 0.9453125 0.99609375 0.9453125 0.98828125 0.94140625 0.984375
0 0.1328125 0.9140625 0.12890625 0.91796875 0.125 0.91796875 0.11328125 0.9296875 0.11328125 0.9453125 0.1171875 0.94921875 0.13671875 0.94921875 0.1484375 0.9375 0.1484375 0.91796875 0.14453125 0.9140625
0 0.0859375 0.765625 0.078125 0.7734375 0.078125 0.78125 0.08984375 0.79296875 0.10546875 0.79296875 0.11328125 0.78515625 0.11328125 0.78125 0.109375 0.77734375 0.109375 0.7734375 0.10546875 0.76953125 0.1015625 0.76953125 0.09765625 0.765625
0 0.98828125 0.60546875 0.984375 0.609375 0.984375 0.61328125 0.98046875 0.6171875 0.98046875 0.625 0.9765625 0.62890625 0.9765625 0.640625 0.98046875 0.64453125 0.984375 0.64453125 0.9921875 0.65234375 0.99609375 0.65234375 0.99609375 0.60546875
0 0.83203125 0.42578125 0.828125 0.4296875 0.8203125 0.4296875 0.81640625 0.43359375 0.81640625 0.44140625 0.82421875 0.44921875 0.828125 0.44921875 0.83203125 0.4453125 0.84375 0.4453125 0.84765625 0.44140625 0.84765625 0.4296875 0.84375 0.42578125
0 0.484375 0.90625 0.4765625 0.9140625 0.4765625 0.92578125 0.484375 0.93359375 0.484375 0.94140625 0.5 0.94140625 0.5078125 0.93359375 0.5078125 0.9140625 0.5 0.90625
0 0.94140625 0.421875 0.9375 0.42578125 0.9375 0.43359375 0.94140625 0.4375 0.9453125 0.4375 0.94921875 0.44140625 0.96484375 0.44140625 0.96875 0.4375 0.96875 0.4296875 0.9609375 0.421875
