0 0.6328125 0.921875 0.62890625 0.92578125 0.62890625 0.9375 0.6328125 0.94140625 0.6328125 0.9453125 0.63671875 0.94921875 0.640625 0.94921875 0.65234375 0.9609375 0.66015625 0.9609375 0.6640625 0.96484375 0.6953125 0.96484375 0.69921875 0.9609375 0.69921875 0.953125 0.6953125 0.94921875 0.69140625 0.94921875 0.6875 0.9453125 0.67578125 0.9453125 0.671875 0.94140625 0.66796875 0.94140625 0.6640625 0.9375 0.66015625 0.9375 0.6484375 0.92578125 0.64453125 0.92578125 0.640625 0.921875
0 0.00390625 0.48046875 0.0 0.484375 0.0 0.49609375 0.0078125 0.50390625 0.015625 0.50390625 0.01953125 0.5 0.01953125 0.48828125 0.01171875 0.48046875
0 0.84765625 0.79296875 0.84375 0.796875 0.83984375 0.796875 0.8359375 0.80078125 0.83203125 0.80078125 0.82421875 0.80859375 0.8203125 0.80859375 0.8203125 0.81640625 0.82421875 0.8203125 0.82421875 0.83203125 0.828125 0.8359375 0.828125 0.83984375 0.8515625 0.83984375 0.85546875 0.8359375 0.859375 0.8359375 0.8671875 0.828125 0.8671875 0.80859375 0.86328125 0.8046875 0.86328125 0.796875 0.859375 0.796875 0.85546875 0.79296875
0 0.0 0.62890625 0.0 0.64453125 0.01171875 0.65625 0.0234375 0.65625 0.02734375 0.65234375 0.02734375 0.64453125 0.01171875 0.62890625
0 0.0390625 0.4765625 0.03515625 0.48046875 0.03125 0.48046875 0.0234375 0.48828125 0.0234375 0.5 0.015625 0.5078125 0.01171875 0.5078125 0.01171875 0.52734375 0.01953125 0.53515625 0.0234375 0.53515625 0.0390625 0.55078125 0.0390625 0.5546875 0.04296875 0.55859375 0.0546875 0.55859375 0.0625 0.55078125 0.06640625 0.55078125 0.07421875 0.54296875 0.07421875 0.53515625 0.078125 0.53125 0.078125 0.5078125 0.07421875 0.50390625 0.07421875 0.4921875 0.05859375 0.4765625
0 0.0 0.81640625 0.0 0.859375 0.00390625 0.859375 0.0078125 0.85546875 0.0078125 0.8515625 0.01171875 0.84765625 0.01171875 0.82421875 0.00390625 0.81640625
0 0.03125 0.62890625 0.02734375 0.6328125 0.02734375 0.640625 0.03125 0.64453125 0.0390625 0.64453125 0.04296875 0.640625 0.04296875 0.6328125 0.0390625 0.62890625
0 0.84765625 0.61328125 0.84375 0.6171875 0.84375 0.6484375 0.85546875 0.66015625 0.859375 0.66015625 0.859375 0.6484375 0.8671875 0.640625 0.8671875 0.63671875 0.86328125 0.6328125 0.86328125 0.6171875 0.85546875 0.6171875 0.8515625 0.61328125
0 0.52734375 0.984375 0.515625 0.99609375 0.5546875 0.99609375 0.55078125 0.9921875 0.55078125 0.98828125 0.546875 0.984375
0 0.1015625 0.85546875 0.09375 0.86328125 0.09375 0.8671875 0.08984375 0.87109375 0.08984375 0.87890625 0.09375 0.8828125 0.09375 0.88671875 0.1015625 0.89453125 0.1171875 0.89453125 0.12890625 0.8828125 0.12890625 0.86328125 0.12109375 0.85546875
0 0.9609375 0.87890625 0.94140625 0.8984375 0.94140625 0.90625 0.9453125 0.91015625 0.9453125 0.92578125 0.94140625 0.9296875 0.94140625 0.9375 0.9453125 0.94140625 0.9609375 0.94140625 0.96484375 0.9375 0.96875 0.9375 0.9765625 0.9296875 0.98046875 0.9296875 0.98046875 0.92578125 0.984375 0.921875 0.984375 0.91796875 0.98828125 0.9140625 0.98828125 0.89453125 0.98046875 0.89453125 0.9765625 0.890625 0.97265625 0.890625
0 0.71875 0.84375 0.703125 0.859375 0.703125 0.875 0.7265625 0.8984375 0.75390625 0.8984375 0.765625 0.88671875 0.765625 0.8515625 0.76171875 0.84765625 0.7578125 0.84765625 0.75390625 0.84375
0 0.81640625 0.65234375 0.8046875 0.6640625 0.8046875 0.6875 0.80859375 0.69140625 0.80859375 0.6953125 0.8125 0.69921875 0.81640625 0.69921875 0.8203125 0.703125 0.82421875 0.703125 0.83203125 0.7109375 0.85546875 0.7109375 0.86328125 0.703125 0.86328125 0.69921875 0.8671875 0.6953125 0.8671875 0.671875 0.859375 0.6640625 0.85546875 0.6640625 0.84765625 0.65625 0.83203125 0.65625 0.828125 0.65234375
0 0.0 0.53125 0.0 0.56640625 0.01171875 0.56640625 0.015625 0.5625 0.0234375 0.5625 0.02734375 0.55859375 0.02734375 0.54296875 0.0234375 0.5390625 0.01953125 0.5390625 0.01171875 0.53125
0 0.62109375 0.95703125 0.6171875 0.9609375 0.61328125 0.9609375 0.609375 0.96484375 0.609375 0.96875 0.60546875 0.97265625 0.60546875 0.9921875 0.609375 0.99609375 0.6484375 0.99609375 0.6484375 0.9921875 0.65234375 0.98828125 0.65234375 0.98046875 0.6484375 0.9765625 0.6484375 0.97265625 0.64453125 0.96875 0.64453125 0.96484375 0.63671875 0.95703125
