0 0.6455331412103746 0.35384615384615387 0.6426512968299711 0.3576923076923077 0.6397694524495677 0.3576923076923077 0.6368876080691642 0.36153846153846153 0.6368876080691642 0.3769230769230769 0.6426512968299711 0.38461538461538464 0.6455331412103746 0.38461538461538464 0.6512968299711815 0.3923076923076923 0.659942363112392 0.3923076923076923 0.6657060518731989 0.38461538461538464 0.6657060518731989 0.36538461538461536 0.6570605187319885 0.35384615384615387
0 0.521613832853026 0.43846153846153846 0.5187319884726225 0.4423076923076923 0.5187319884726225 0.45384615384615384 0.5244956772334294 0.46153846153846156 0.5302593659942363 0.46153846153846156 0.5331412103746398 0.4576923076923077 0.5331412103746398 0.45384615384615384 0.5360230547550432 0.45 0.5360230547550432 0.4461538461538462 0.5302593659942363 0.43846153846153846
0 0.005763688760806916 0.25769230769230766 0.002881844380403458 0.26153846153846155 0.0 0.26153846153846155 0.0 0.3076923076923077 0.002881844380403458 0.31153846153846154 0.011527377521613832 0.31153846153846154 0.01440922190201729 0.3076923076923077 0.01729106628242075 0.3076923076923077 0.023054755043227664 0.3 0.023054755043227664 0.2692307692307692 0.020172910662824207 0.2692307692307692 0.01729106628242075 0.2653846153846154 0.01440922190201729 0.2653846153846154 0.008645533141210375 0.25769230769230766
0 0.729106628242075 0.35384615384615387 0.7204610951008645 0.36538461538461536 0.7146974063400576 0.36538461538461536 0.7146974063400576 0.3730769230769231 0.7175792507204611 0.3769230769230769 0.729106628242075 0.3769230769230769 0.7319884726224783 0.3730769230769231 0.7377521613832853 0.3730769230769231 0.7406340057636888 0.36923076923076925 0.7406340057636888 0.3576923076923077 0.7377521613832853 0.35384615384615387
0 0.8645533141210374 0.31153846153846154 0.861671469740634 0.3153846153846154 0.861671469740634 0.3346153846153846 0.8645533141210374 0.3384615384615385 0.8645533141210374 0.35 0.8703170028818443 0.3576923076923077 0.8789625360230547 0.3576923076923077 0.8818443804034583 0.35384615384615387 0.8818443804034583 0.35 0.8904899135446686 0.3384615384615385 0.8904899135446686 0.3346153846153846 0.8933717579250721 0.33076923076923076 0.8933717579250721 0.3230769230769231 0.8847262247838616 0.31153846153846154
0 0.39481268011527376 0.09230769230769231 0.3919308357348703 0.09615384615384616 0.38904899135446686 0.09615384615384616 0.3861671469740634 0.1 0.38328530259365995 0.1 0.37175792507204614 0.11538461538461539 0.37175792507204614 0.11923076923076924 0.3659942363112392 0.12692307692307692 0.3659942363112392 0.14615384615384616 0.3688760806916426 0.15 0.3688760806916426 0.1576923076923077 0.3746397694524496 0.16538461538461538 0.38904899135446686 0.16538461538461538 0.40057636887608067 0.15 0.4034582132564842 0.15 0.40634005763688763 0.14615384615384616 0.4092219020172911 0.14615384615384616 0.41210374639769454 0.1423076923076923 0.41210374639769454 0.12307692307692308 0.4092219020172911 0.11923076923076924 0.4092219020172911 0.11153846153846154 0.4034582132564842 0.10384615384615385 0.4034582132564842 0.09615384615384616 0.40057636887608067 0.09230769230769231
0 0.9913544668587896 0.5576923076923077 0.9884726224783862 0.5615384615384615 0.9827089337175793 0.5615384615384615 0.9798270893371758 0.5653846153846154 0.9769452449567724 0.5653846153846154 0.9654178674351584 0.5807692307692308 0.9654178674351584 0.5961538461538461 0.968299711815562 0.6 0.9740634005763689 0.6 0.9769452449567724 0.6038461538461538 0.9971181556195965 0.6038461538461538 0.9971181556195965 0.5576923076923077
0 0.4610951008645533 0.18076923076923077 0.45821325648414984 0.18461538461538463 0.45821325648414984 0.19230769230769232 0.4610951008645533 0.19615384615384615 0.4610951008645533 0.2 0.4697406340057637 0.21153846153846154 0.484149855907781 0.21153846153846154 0.48703170028818443 0.2076923076923077 0.48703170028818443 0.18846153846153846 0.4812680115273775 0.18076923076923077
0 0.5561959654178674 0.8923076923076924 0.553314121037464 0.8961538461538462 0.547550432276657 0.8961538461538462 0.5360230547550432 0.9115384615384615 0.5360230547550432 0.9346153846153846 0.5389048991354467 0.9384615384615385 0.5389048991354467 0.9423076923076923 0.5417867435158501 0.9461538461538461 0.5446685878962536 0.9461538461538461 0.5504322766570605 0.9538461538461539 0.5561959654178674 0.9538461538461539 0.5590778097982709 0.9576923076923077 0.590778097982709 0.9576923076923077 0.5965417867435159 0.95 0.5965417867435159 0.9461538461538461 0.5994236311239193 0.9423076923076923 0.5994236311239193 0.9230769230769231 0.5850144092219021 0.9038461538461539 0.5821325648414986 0.9038461538461539 0.5763688760806917 0.8961538461538462 0.5648414985590778 0.8961538461538462 0.5619596541786743 0.8923076923076924
0 0.8760806916426513 0.0 0.8760806916426513 0.0038461538461538464 0.8818443804034583 0.011538461538461539 0.8847262247838616 0.011538461538461539 0.8876080691642652 0.015384615384615385 0.9020172910662824 0.015384615384615385 0.9048991354466859 0.011538461538461539 0.9077809798270894 0.011538461538461539 0.9135446685878963 0.0038461538461538464 0.9135446685878963 0.0
0 0.138328530259366 0.08461538461538462 0.13544668587896252 0.08846153846153847 0.12968299711815562 0.08846153846153847 0.12103746397694524 0.1 0.12103746397694524 0.10384615384615385 0.11815561959654179 0.1076923076923077 0.11815561959654179 0.13846153846153847 0.12103746397694524 0.1423076923076923 0.12103746397694524 0.14615384615384616 0.1239193083573487 0.15 0.16714697406340057 0.15 0.17002881844380405 0.14615384615384616 0.17579250720461095 0.14615384615384616 0.1786743515850144 0.1423076923076923 0.1786743515850144 0.11923076923076924 0.17579250720461095 0.11538461538461539 0.17579250720461095 0.11153846153846154 0.1729106628242075 0.1076923076923077 0.1729106628242075 0.10384615384615385 0.17002881844380405 0.1 0.17002881844380405 0.09615384615384616 0.1642651296829971 0.08846153846153847 0.16138328530259366 0.08846153846153847 0.1585014409221902 0.08461538461538462
0 0.31988472622478387 0.8576923076923076 0.31412103746397696 0.8653846153846154 0.3112391930835735 0.8653846153846154 0.30547550432276654 0.8730769230769231 0.30547550432276654 0.8769230769230769 0.3025936599423631 0.8807692307692307 0.3025936599423631 0.8846153846153846 0.2968299711815562 0.8923076923076924 0.2968299711815562 0.9 0.29394812680115273 0.9038461538461539 0.29394812680115273 0.9076923076923077 0.2968299711815562 0.9115384615384615 0.2968299711815562 0.9153846153846154 0.29971181556195964 0.9192307692307692 0.3025936599423631 0.9192307692307692 0.30547550432276654 0.9230769230769231 0.3256484149855908 0.9230769230769231 0.33429394812680113 0.9115384615384615 0.33429394812680113 0.9076923076923077 0.3400576368876081 0.9 0.3400576368876081 0.8961538461538462 0.345821325648415 0.8884615384615384 0.345821325648415 0.8807692307692307 0.34870317002881845 0.8769230769230769 0.34870317002881845 0.8615384615384616 0.345821325648415 0.8576923076923076
0 0.4438040345821326 0.3076923076923077 0.4409221902017291 0.31153846153846154 0.43804034582132567 0.31153846153846154 0.42939481268011526 0.3230769230769231 0.42939481268011526 0.3269230769230769 0.4265129682997118 0.33076923076923076 0.4265129682997118 0.3346153846153846 0.42363112391930835 0.3384615384615385 0.42363112391930835 0.3423076923076923 0.4207492795389049 0.34615384615384615 0.4207492795389049 0.35384615384615387 0.4265129682997118 0.36153846153846153 0.4322766570605187 0.36153846153846153 0.43515850144092216 0.3576923076923077 0.43804034582132567 0.3576923076923077 0.45821325648414984 0.33076923076923076 0.45821325648414984 0.3153846153846154 0.45244956772334294 0.3076923076923077
0 0.9337175792507204 0.5769230769230769 0.930835734870317 0.5807692307692308 0.9279538904899135 0.5807692307692308 0.9250720461095101 0.5846153846153846 0.9250720461095101 0.5961538461538461 0.9279538904899135 0.6 0.9279538904899135 0.6038461538461538 0.930835734870317 0.6076923076923076 0.9365994236311239 0.6076923076923076 0.9394812680115274 0.6115384615384616 0.9423631123919308 0.6115384615384616 0.9452449567723343 0.6153846153846154 0.9538904899135446 0.6153846153846154 0.9567723342939481 0.6115384615384616 0.9596541786743515 0.6115384615384616 0.962536023054755 0.6076923076923076 0.962536023054755 0.6038461538461538 0.9654178674351584 0.6 0.962536023054755 0.5961538461538461 0.962536023054755 0.5884615384615385 0.9596541786743515 0.5846153846153846 0.9567723342939481 0.5846153846153846 0.9510086455331412 0.5769230769230769
0 0.3112391930835735 0.29615384615384616 0.3025936599423631 0.3076923076923077 0.3025936599423631 0.3230769230769231 0.30547550432276654 0.3269230769230769 0.30835734870317005 0.3269230769230769 0.3112391930835735 0.33076923076923076 0.3170028818443804 0.33076923076923076 0.31988472622478387 0.3346153846153846 0.3400576368876081 0.3346153846153846 0.34293948126801155 0.33076923076923076 0.34870317002881845 0.33076923076923076 0.3515850144092219 0.3269230769230769 0.3515850144092219 0.31153846153846154 0.34870317002881845 0.3076923076923077 0.345821325648415 0.3076923076923077 0.34293948126801155 0.3038461538461538 0.3371757925072046 0.3038461538461538 0.33429394812680113 0.3 0.3170028818443804 0.3 0.31412103746397696 0.29615384615384616
0 0.8674351585014409 0.4346153846153846 0.8645533141210374 0.43846153846153846 0.8645533141210374 0.4423076923076923 0.861671469740634 0.4461538461538462 0.861671469740634 0.45 0.8587896253602305 0.45384615384615384 0.8587896253602305 0.4576923076923077 0.8530259365994236 0.4653846153846154 0.8530259365994236 0.47692307692307695 0.861671469740634 0.48846153846153845 0.8645533141210374 0.48846153846153845 0.8674351585014409 0.49230769230769234 0.8847262247838616 0.49230769230769234 0.8876080691642652 0.48846153846153845 0.8876080691642652 0.4807692307692308 0.8904899135446686 0.47692307692307695 0.8904899135446686 0.4423076923076923 0.8876080691642652 0.43846153846153846 0.8847262247838616 0.43846153846153846 0.8818443804034583 0.4346153846153846
0 0.8011527377521613 0.16153846153846155 0.7982708933717579 0.16538461538461538 0.792507204610951 0.16538461538461538 0.7896253602305475 0.16923076923076924 0.7896253602305475 0.17307692307692307 0.7867435158501441 0.17692307692307693 0.7867435158501441 0.18076923076923077 0.7838616714697406 0.18461538461538463 0.7838616714697406 0.19615384615384615 0.7896253602305475 0.20384615384615384 0.792507204610951 0.20384615384615384 0.7953890489913544 0.2076923076923077 0.7982708933717579 0.2076923076923077 0.8011527377521613 0.21153846153846154 0.8097982708933718 0.21153846153846154 0.8126801152737753 0.2153846153846154 0.8184438040345822 0.2153846153846154 0.8213256484149856 0.21923076923076923 0.8386167146974063 0.21923076923076923 0.8414985590778098 0.2153846153846154 0.8443804034582133 0.2153846153846154 0.8530259365994236 0.20384615384615384 0.8530259365994236 0.18846153846153846 0.8501440922190202 0.18461538461538463 0.8501440922190202 0.17692307692307693 0.8472622478386167 0.17307692307692307 0.8443804034582133 0.17307692307692307 0.8386167146974063 0.16538461538461538 0.8328530259365994 0.16538461538461538 0.829971181556196 0.16153846153846155
0 0.04610951008645533 0.0 0.04610951008645533 0.007692307692307693 0.05763688760806916 0.023076923076923078 0.06051873198847262 0.023076923076923078 0.06340057636887608 0.026923076923076925 0.07204610951008646 0.026923076923076925 0.07780979827089338 0.019230769230769232 0.08069164265129683 0.019230769230769232 0.0893371757925072 0.007692307692307693 0.0893371757925072 0.0
0 0.6195965417867435 0.3769230769230769 0.6167146974063401 0.38076923076923075 0.6167146974063401 0.38846153846153847 0.6109510086455331 0.39615384615384613 0.6109510086455331 0.4 0.6080691642651297 0.40384615384615385 0.6080691642651297 0.4230769230769231 0.6109510086455331 0.4269230769230769 0.6311239193083573 0.4269230769230769 0.6368876080691642 0.41923076923076924 0.6397694524495677 0.41923076923076924 0.6512968299711815 0.40384615384615385 0.6512968299711815 0.39615384615384613 0.6455331412103746 0.38846153846153847 0.6426512968299711 0.38846153846153847 0.6340057636887608 0.3769230769230769
0 0.40634005763688763 0.3576923076923077 0.4034582132564842 0.36153846153846153 0.39481268011527376 0.36153846153846153 0.3919308357348703 0.36538461538461536 0.3861671469740634 0.36538461538461536 0.37752161383285304 0.3769230769230769 0.37752161383285304 0.38076923076923075 0.3746397694524496 0.38461538461538464 0.3746397694524496 0.4 0.37752161383285304 0.40384615384615385 0.38904899135446686 0.40384615384615385 0.3919308357348703 0.4 0.39481268011527376 0.4 0.3976945244956772 0.39615384615384613 0.4034582132564842 0.39615384615384613 0.4092219020172911 0.38846153846153847 0.41210374639769454 0.38846153846153847 0.42363112391930835 0.3730769230769231 0.42363112391930835 0.36153846153846153 0.4207492795389049 0.3576923076923077
0 0.6945244956772334 0.5653846153846154 0.69164265129683 0.5692307692307692 0.69164265129683 0.573076923076923 0.6887608069164265 0.5769230769230769 0.6887608069164265 0.5807692307692308 0.6858789625360231 0.5846153846153846 0.6858789625360231 0.6038461538461538 0.69164265129683 0.6115384615384616 0.69164265129683 0.6153846153846154 0.6974063400576369 0.6230769230769231 0.6974063400576369 0.6269230769230769 0.7002881844380403 0.6307692307692307 0.7060518731988472 0.6307692307692307 0.7118155619596542 0.6230769230769231 0.7118155619596542 0.5807692307692308 0.7089337175792507 0.5769230769230769 0.7089337175792507 0.5692307692307692 0.7060518731988472 0.5653846153846154
0 0.35446685878962536 0.25 0.3515850144092219 0.25384615384615383 0.3515850144092219 0.26153846153846155 0.34870317002881845 0.2653846153846154 0.34870317002881845 0.2692307692307692 0.35446685878962536 0.27692307692307694 0.3573487031700288 0.27307692307692305 0.36023054755043227 0.27307692307692305 0.3631123919308357 0.2692307692307692 0.3631123919308357 0.25384615384615383 0.36023054755043227 0.25
0 0.17579250720461095 0.8423076923076923 0.1729106628242075 0.8461538461538461 0.17002881844380405 0.8461538461538461 0.1642651296829971 0.8538461538461538 0.1642651296829971 0.8576923076923076 0.16138328530259366 0.8615384615384616 0.16138328530259366 0.8730769230769231 0.1642651296829971 0.8769230769230769 0.1642651296829971 0.8807692307692307 0.1729106628242075 0.8923076923076924 0.17579250720461095 0.8923076923076924 0.18155619596541786 0.9 0.1844380403458213 0.9 0.1873198847262248 0.8961538461538462 0.19020172910662825 0.8961538461538462 0.1930835734870317 0.8923076923076924 0.2132564841498559 0.8923076923076924 0.2132564841498559 0.8576923076923076 0.21037463976945245 0.8538461538461538 0.20461095100864554 0.8538461538461538 0.2017291066282421 0.85 0.19596541786743515 0.85 0.19020172910662825 0.8423076923076923
0 0.4322766570605187 0.6307692307692307 0.42939481268011526 0.6346153846153846 0.4265129682997118 0.6346153846153846 0.4207492795389049 0.6423076923076924 0.41786743515850144 0.6423076923076924 0.414985590778098 0.6461538461538462 0.414985590778098 0.6653846153846154 0.4207492795389049 0.6730769230769231 0.4207492795389049 0.6807692307692308 0.42939481268011526 0.6923076923076923 0.4322766570605187 0.6923076923076923 0.43515850144092216 0.6961538461538461 0.4409221902017291 0.6961538461538461 0.4438040345821326 0.7 0.4495677233429395 0.7 0.45244956772334294 0.6961538461538461 0.4553314121037464 0.6961538461538461 0.45821325648414984 0.6923076923076923 0.4610951008645533 0.6923076923076923 0.46397694524495675 0.6884615384615385 0.46397694524495675 0.676923076923077 0.4668587896253602 0.6730769230769231 0.4668587896253602 0.6692307692307692 0.46397694524495675 0.6653846153846154 0.46397694524495675 0.6538461538461539 0.45244956772334294 0.6384615384615384 0.4495677233429395 0.6384615384615384 0.44668587896253603 0.6346153846153846 0.4438040345821326 0.6346153846153846 0.4409221902017291 0.6307692307692307
0 0.8847262247838616 0.9038461538461539 0.8818443804034583 0.9076923076923077 0.8789625360230547 0.9076923076923077 0.8703170028818443 0.9192307692307692 0.8703170028818443 0.9230769230769231 0.8674351585014409 0.926923076923077 0.8674351585014409 0.9576923076923077 0.8703170028818443 0.9615384615384616 0.8703170028818443 0.9653846153846154 0.8731988472622478 0.9692307692307692 0.8789625360230547 0.9692307692307692 0.8818443804034583 0.9730769230769231 0.8962536023054755 0.9730769230769231 0.899135446685879 0.9692307692307692 0.9048991354466859 0.9692307692307692 0.9135446685878963 0.9576923076923077 0.9135446685878963 0.9538461538461539 0.9164265129682997 0.95 0.9164265129682997 0.9384615384615385 0.9193083573487032 0.9346153846153846 0.9193083573487032 0.9307692307692308 0.9164265129682997 0.926923076923077 0.9164265129682997 0.9153846153846154 0.9106628242074928 0.9076923076923077 0.9077809798270894 0.9076923076923077 0.9048991354466859 0.9038461538461539
0 0.9279538904899135 0.38076923076923075 0.9250720461095101 0.38461538461538464 0.9221902017291066 0.38461538461538464 0.9106628242074928 0.4 0.9106628242074928 0.4230769230769231 0.9164265129682997 0.4307692307692308 0.9423631123919308 0.4307692307692308 0.9452449567723343 0.4269230769230769 0.9452449567723343 0.4230769230769231 0.9481268011527377 0.41923076923076924 0.9481268011527377 0.4153846153846154 0.9510086455331412 0.4115384615384615 0.9510086455331412 0.38846153846153847 0.9452449567723343 0.38076923076923075
0 0.414985590778098 0.1576923076923077 0.41210374639769454 0.16153846153846155 0.4092219020172911 0.16153846153846155 0.3976945244956772 0.17692307692307693 0.3976945244956772 0.18846153846153846 0.4034582132564842 0.19615384615384615 0.41210374639769454 0.19615384615384615 0.414985590778098 0.19230769230769232 0.41786743515850144 0.19230769230769232 0.42363112391930835 0.18461538461538463 0.42363112391930835 0.18076923076923077 0.4265129682997118 0.17692307692307693 0.4265129682997118 0.16153846153846155 0.42363112391930835 0.1576923076923077
0 0.38904899135446686 0.2 0.3746397694524496 0.21923076923076923 0.3746397694524496 0.23076923076923078 0.37752161383285304 0.23461538461538461 0.4034582132564842 0.23461538461538461 0.4092219020172911 0.22692307692307692 0.4092219020172911 0.21153846153846154 0.40634005763688763 0.2076923076923077 0.40634005763688763 0.20384615384615384 0.4034582132564842 0.2
0 0.005763688760806916 0.823076923076923 0.002881844380403458 0.8269230769230769 0.002881844380403458 0.8538461538461538 0.008645533141210375 0.8615384615384616 0.01729106628242075 0.8615384615384616 0.020172910662824207 0.8576923076923076 0.020172910662824207 0.8346153846153846 0.011527377521613832 0.823076923076923
0 0.19020172910662825 0.6923076923076923 0.19020172910662825 0.6961538461538461 0.1873198847262248 0.7 0.1873198847262248 0.7115384615384616 0.1930835734870317 0.7192307692307692 0.1988472622478386 0.7192307692307692 0.20461095100864554 0.7115384615384616 0.20461095100864554 0.7076923076923077 0.2017291066282421 0.7038461538461539 0.2017291066282421 0.7 0.19596541786743515 0.6923076923076923
0 0.1037463976945245 0.16923076923076924 0.09798270893371758 0.17692307692307693 0.09798270893371758 0.2 0.10086455331412104 0.20384615384615384 0.10086455331412104 0.21153846153846154 0.1037463976945245 0.2153846153846154 0.1037463976945245 0.21923076923076923 0.10951008645533142 0.22692307692307692 0.10951008645533142 0.24615384615384617 0.11815561959654179 0.25769230769230766 0.12680115273775217 0.25769230769230766 0.12968299711815562 0.25384615384615383 0.12968299711815562 0.25 0.13256484149855907 0.24615384615384617 0.13256484149855907 0.21923076923076923 0.12968299711815562 0.2153846153846154 0.12968299711815562 0.2076923076923077 0.12680115273775217 0.20384615384615384 0.12680115273775217 0.2 0.1239193083573487 0.19615384615384615 0.1239193083573487 0.18846153846153846 0.11239193083573487 0.17307692307692307 0.10951008645533142 0.17307692307692307 0.10662824207492795 0.16923076923076924
0 0.8040345821325648 0.6730769230769231 0.8011527377521613 0.676923076923077 0.7982708933717579 0.676923076923077 0.7953890489913544 0.6807692307692308 0.792507204610951 0.6807692307692308 0.7809798270893372 0.6961538461538461 0.7809798270893372 0.7038461538461539 0.7780979827089337 0.7076923076923077 0.7780979827089337 0.7230769230769231 0.7809798270893372 0.7269230769230769 0.7809798270893372 0.7307692307692307 0.7896253602305475 0.7423076923076923 0.792507204610951 0.7423076923076923 0.7953890489913544 0.7461538461538462 0.7982708933717579 0.7461538461538462 0.8011527377521613 0.7423076923076923 0.8040345821325648 0.7423076923076923 0.8126801152737753 0.7307692307692307 0.8126801152737753 0.7269230769230769 0.8155619596541787 0.7230769230769231 0.8155619596541787 0.7192307692307692 0.8213256484149856 0.7115384615384616 0.8213256484149856 0.7038461538461539 0.8242074927953891 0.7 0.8242074927953891 0.6807692307692308 0.8184438040345822 0.6730769230769231
0 0.6772334293948127 0.39615384615384613 0.6714697406340058 0.40384615384615385 0.6714697406340058 0.4115384615384615 0.6743515850144092 0.4153846153846154 0.6829971181556196 0.4153846153846154 0.6858789625360231 0.4115384615384615 0.6858789625360231 0.4 0.6829971181556196 0.39615384615384613
0 0.8386167146974063 0.4115384615384615 0.8328530259365994 0.41923076923076924 0.8328530259365994 0.4230769230769231 0.829971181556196 0.4269230769230769 0.829971181556196 0.4307692307692308 0.8270893371757925 0.4346153846153846 0.8270893371757925 0.43846153846153846 0.8242074927953891 0.4423076923076923 0.8242074927953891 0.46923076923076923 0.8270893371757925 0.47307692307692306 0.8472622478386167 0.47307692307692306 0.8501440922190202 0.46923076923076923 0.8501440922190202 0.4653846153846154 0.8559077809798271 0.4576923076923077 0.8559077809798271 0.45384615384615384 0.8587896253602305 0.45 0.8587896253602305 0.4461538461538462 0.861671469740634 0.4423076923076923 0.861671469740634 0.41923076923076924 0.8559077809798271 0.4115384615384615
0 0.5273775216138329 0.47692307692307695 0.5273775216138329 0.49615384615384617 0.5302593659942363 0.5 0.5360230547550432 0.5 0.5389048991354467 0.49615384615384617 0.5389048991354467 0.4807692307692308 0.5360230547550432 0.47692307692307695
0 0.17579250720461095 0.9653846153846154 0.1729106628242075 0.9692307692307692 0.1729106628242075 0.9769230769230769 0.17579250720461095 0.9807692307692307 0.1844380403458213 0.9807692307692307 0.1873198847262248 0.9769230769230769 0.1844380403458213 0.9730769230769231 0.1844380403458213 0.9653846153846154
0 0.6685878962536023 0.6038461538461538 0.6657060518731989 0.6076923076923076 0.6657060518731989 0.6346153846153846 0.6685878962536023 0.6384615384615384 0.6685878962536023 0.6461538461538462 0.6714697406340058 0.65 0.6714697406340058 0.6538461538461539 0.6743515850144092 0.6576923076923077 0.6772334293948127 0.6576923076923077 0.6801152737752162 0.6615384615384615 0.69164265129683 0.6615384615384615 0.6945244956772334 0.6576923076923077 0.6945244956772334 0.6384615384615384 0.69164265129683 0.6346153846153846 0.69164265129683 0.6307692307692307 0.6887608069164265 0.6269230769230769 0.6887608069164265 0.6230769230769231 0.6801152737752162 0.6115384615384616 0.6801152737752162 0.6076923076923076 0.6772334293948127 0.6038461538461538
0 0.6455331412103746 0.46923076923076923 0.6426512968299711 0.47307692307692306 0.6397694524495677 0.47307692307692306 0.6282420749279539 0.48846153846153845 0.6282420749279539 0.49230769230769234 0.6253602305475504 0.49615384615384617 0.6253602305475504 0.5192307692307693 0.6282420749279539 0.5230769230769231 0.6282420749279539 0.5346153846153846 0.6340057636887608 0.5423076923076923 0.6368876080691642 0.5423076923076923 0.6397694524495677 0.5461538461538461 0.6426512968299711 0.5461538461538461 0.6455331412103746 0.5423076923076923 0.6484149855907781 0.5423076923076923 0.654178674351585 0.5346153846153846 0.654178674351585 0.5269230769230769 0.6570605187319885 0.5230769230769231 0.6570605187319885 0.5192307692307693 0.659942363112392 0.5153846153846153 0.659942363112392 0.5115384615384615 0.6628242074927954 0.5076923076923077 0.6628242074927954 0.4846153846153846 0.659942363112392 0.4807692307692308 0.659942363112392 0.47692307692307695 0.6570605187319885 0.47692307692307695 0.6512968299711815 0.46923076923076923
0 0.7204610951008645 0.33076923076923076 0.7175792507204611 0.3346153846153846 0.7175792507204611 0.3384615384615385 0.7146974063400576 0.3423076923076923 0.7146974063400576 0.34615384615384615 0.7118155619596542 0.35 0.7118155619596542 0.3576923076923077 0.7146974063400576 0.36153846153846153 0.7204610951008645 0.36153846153846153 0.729106628242075 0.35 0.729106628242075 0.3423076923076923 0.7262247838616714 0.3384615384615385 0.7262247838616714 0.3346153846153846 0.723342939481268 0.33076923076923076
0 0.6657060518731989 0.9730769230769231 0.6512968299711815 0.9923076923076923 0.6512968299711815 0.9961538461538462 0.6714697406340058 0.9961538461538462 0.6714697406340058 0.9923076923076923 0.6772334293948127 0.9846153846153847 0.6772334293948127 0.9769230769230769 0.6743515850144092 0.9730769230769231
0 0.1988472622478386 0.5115384615384615 0.1930835734870317 0.5192307692307693 0.1930835734870317 0.5230769230769231 0.19020172910662825 0.5269230769230769 0.19020172910662825 0.5307692307692308 0.1873198847262248 0.5346153846153846 0.1873198847262248 0.5576923076923077 0.1930835734870317 0.5653846153846154 0.2132564841498559 0.5653846153846154 0.21613832853025935 0.5615384615384615 0.21902017291066284 0.5615384615384615 0.2219020172910663 0.5576923076923077 0.23054755043227665 0.5576923076923077 0.23919308357348704 0.5461538461538461 0.23919308357348704 0.5230769230769231 0.23631123919308358 0.5192307692307693 0.2334293948126801 0.5192307692307693 0.23054755043227665 0.5153846153846153 0.21902017291066284 0.5153846153846153 0.21613832853025935 0.5115384615384615
0 0.04610951008645533 0.23846153846153847 0.037463976945244955 0.25 0.0345821325648415 0.25 0.0345821325648415 0.25384615384615383 0.03170028818443804 0.25769230769230766 0.02881844380403458 0.25769230769230766 0.02881844380403458 0.2653846153846154 0.025936599423631124 0.2692307692307692 0.04610951008645533 0.29615384615384616 0.04899135446685879 0.2923076923076923 0.05187319884726225 0.2923076923076923 0.06628242074927954 0.27307692307692305 0.06628242074927954 0.25 0.05763688760806916 0.23846153846153847
0 0.43804034582132567 0.09230769230769231 0.4322766570605187 0.1 0.4322766570605187 0.1076923076923077 0.42939481268011526 0.11153846153846154 0.42939481268011526 0.11538461538461539 0.43515850144092216 0.11538461538461539 0.4409221902017291 0.1076923076923077 0.4409221902017291 0.09615384615384616
0 0.2276657060518732 0.7192307692307692 0.22478386167146974 0.7230769230769231 0.2219020172910663 0.7230769230769231 0.2219020172910663 0.7269230769230769 0.21902017291066284 0.7307692307692307 0.21613832853025935 0.7307692307692307 0.21037463976945245 0.7384615384615385 0.21037463976945245 0.7423076923076923 0.2132564841498559 0.7461538461538462 0.23631123919308358 0.7461538461538462 0.2420749279538905 0.7538461538461538 0.2420749279538905 0.7576923076923077 0.2478386167146974 0.7653846153846153 0.2564841498559078 0.7653846153846153 0.25936599423631124 0.7692307692307693 0.276657060518732 0.7692307692307693 0.2824207492795389 0.7615384615384615 0.2824207492795389 0.75 0.27953890489913547 0.7461538461538462 0.27953890489913547 0.7384615384615385 0.276657060518732 0.7346153846153847 0.2737752161383285 0.7346153846153847 0.27089337175792505 0.7307692307692307 0.2680115273775216 0.7307692307692307 0.26512968299711814 0.7269230769230769 0.25360230547550433 0.7269230769230769 0.2507204610951009 0.7230769230769231 0.24495677233429394 0.7230769230769231 0.2420749279538905 0.7192307692307692
0 0.6109510086455331 0.7307692307692307 0.6080691642651297 0.7346153846153847 0.6051873198847262 0.7346153846153847 0.6023054755043228 0.7384615384615385 0.5994236311239193 0.7384615384615385 0.5878962536023055 0.7538461538461538 0.5878962536023055 0.7769230769230769 0.5936599423631124 0.7846153846153846 0.5965417867435159 0.7846153846153846 0.5994236311239193 0.7884615384615384 0.6195965417867435 0.7884615384615384 0.622478386167147 0.7846153846153846 0.6253602305475504 0.7846153846153846 0.6311239193083573 0.7769230769230769 0.6311239193083573 0.7730769230769231 0.6340057636887608 0.7692307692307693 0.6340057636887608 0.7346153846153847 0.6311239193083573 0.7307692307692307
0 0.4899135446685879 0.5884615384615385 0.48703170028818443 0.5923076923076923 0.4812680115273775 0.5923076923076923 0.47262247838616717 0.6038461538461538 0.47262247838616717 0.6076923076923076 0.4697406340057637 0.6115384615384616 0.4697406340057637 0.6269230769230769 0.4783861671469741 0.6384615384615384 0.4783861671469741 0.6423076923076924 0.4812680115273775 0.6461538461538462 0.484149855907781 0.6461538461538462 0.48703170028818443 0.65 0.5100864553314121 0.65 0.521613832853026 0.6346153846153846 0.521613832853026 0.6307692307692307 0.5244956772334294 0.6269230769230769 0.5244956772334294 0.6038461538461538 0.5129682997118156 0.5884615384615385
0 0.5936599423631124 0.36923076923076925 0.579250720461095 0.38846153846153847 0.579250720461095 0.40384615384615385 0.5850144092219021 0.4115384615384615 0.5878962536023055 0.4115384615384615 0.590778097982709 0.4153846153846154 0.6051873198847262 0.4153846153846154 0.6051873198847262 0.40384615384615385 0.6080691642651297 0.4 0.6080691642651297 0.3923076923076923 0.6023054755043228 0.38461538461538464 0.6023054755043228 0.3769230769230769 0.5965417867435159 0.36923076923076925
0 0.09221902017291066 0.29615384615384616 0.0893371757925072 0.3 0.08357348703170028 0.3 0.08069164265129683 0.3038461538461538 0.07780979827089338 0.3038461538461538 0.07204610951008646 0.31153846153846154 0.069164265129683 0.31153846153846154 0.05763688760806916 0.3269230769230769 0.05763688760806916 0.35 0.06628242074927954 0.36153846153846153 0.07204610951008646 0.36153846153846153 0.07492795389048991 0.36538461538461536 0.09510086455331412 0.36538461538461536 0.10662824207492795 0.35 0.10662824207492795 0.34615384615384615 0.10951008645533142 0.3423076923076923 0.10951008645533142 0.33076923076923076 0.11239193083573487 0.3269230769230769 0.11239193083573487 0.31153846153846154 0.10951008645533142 0.3076923076923077 0.10951008645533142 0.3038461538461538 0.1037463976945245 0.29615384615384616
0 0.7492795389048992 0.6615384615384615 0.7463976945244957 0.6653846153846154 0.7406340057636888 0.6653846153846154 0.7377521613832853 0.6692307692307692 0.7377521613832853 0.6884615384615385 0.7435158501440923 0.6961538461538461 0.7521613832853026 0.6961538461538461 0.7550432276657061 0.6923076923076923 0.7579250720461095 0.6923076923076923 0.760806916426513 0.6884615384615385 0.7636887608069164 0.6884615384615385 0.7665706051873199 0.6846153846153846 0.7694524495677233 0.6846153846153846 0.7723342939481268 0.6807692307692308 0.7780979827089337 0.6807692307692308 0.7809798270893372 0.676923076923077 0.7809798270893372 0.6730769230769231 0.7723342939481268 0.6615384615384615
0 0.1729106628242075 0.926923076923077 0.17002881844380405 0.9307692307692308 0.17002881844380405 0.9384615384615385 0.16714697406340057 0.9423076923076923 0.16714697406340057 0.9461538461538461 0.1729106628242075 0.9538461538461539 0.1786743515850144 0.9538461538461539 0.1844380403458213 0.9615384615384616 0.19020172910662825 0.9615384615384616 0.1930835734870317 0.9576923076923077 0.19596541786743515 0.9576923076923077 0.19596541786743515 0.9538461538461539 0.1930835734870317 0.95 0.1930835734870317 0.9384615384615385 0.1844380403458213 0.926923076923077
0 0.8962536023054755 0.3269230769230769 0.8962536023054755 0.33076923076923076 0.8933717579250721 0.3346153846153846 0.8933717579250721 0.3384615384615385 0.8847262247838616 0.35 0.8847262247838616 0.35384615384615387 0.8789625360230547 0.36153846153846153 0.8760806916426513 0.36153846153846153 0.8760806916426513 0.36538461538461536 0.8789625360230547 0.36923076923076925 0.8789625360230547 0.3730769230769231 0.8933717579250721 0.3923076923076923 0.8962536023054755 0.3923076923076923 0.9020172910662824 0.4 0.9077809798270894 0.4 0.9221902017291066 0.38076923076923075 0.9250720461095101 0.38076923076923075 0.9279538904899135 0.3769230769230769 0.9279538904899135 0.36538461538461536 0.9221902017291066 0.3576923076923077 0.9221902017291066 0.35384615384615387 0.9193083573487032 0.35 0.9193083573487032 0.34615384615384615 0.9077809798270894 0.33076923076923076 0.9048991354466859 0.33076923076923076 0.9020172910662824 0.3269230769230769
0 0.025936599423631124 0.823076923076923 0.023054755043227664 0.8269230769230769 0.023054755043227664 0.8538461538461538 0.0345821325648415 0.8538461538461538 0.037463976945244955 0.85 0.040345821325648415 0.85 0.040345821325648415 0.8307692307692308 0.037463976945244955 0.8307692307692308 0.0345821325648415 0.8269230769230769 0.0345821325648415 0.823076923076923
0 0.5706051873198847 0.41923076923076924 0.5619596541786743 0.4307692307692308 0.5619596541786743 0.4346153846153846 0.5590778097982709 0.43846153846153846 0.5590778097982709 0.46153846153846156 0.5619596541786743 0.4653846153846154 0.5619596541786743 0.4807692307692308 0.5648414985590778 0.4846153846153846 0.579250720461095 0.4846153846153846 0.5821325648414986 0.4807692307692308 0.5821325648414986 0.47692307692307695 0.5850144092219021 0.47307692307692306 0.5850144092219021 0.4653846153846154 0.5878962536023055 0.46153846153846156 0.5878962536023055 0.4423076923076923 0.5850144092219021 0.43846153846153846 0.5850144092219021 0.4230769230769231 0.5821325648414986 0.41923076923076924
0 0.2680115273775216 0.5961538461538461 0.2622478386167147 0.6038461538461538 0.2622478386167147 0.6115384615384616 0.28530259365994237 0.6115384615384616 0.28530259365994237 0.6 0.27089337175792505 0.6
0 0.1873198847262248 0.6461538461538462 0.1844380403458213 0.65 0.1844380403458213 0.6538461538461539 0.18155619596541786 0.6576923076923077 0.18155619596541786 0.6615384615384615 0.1786743515850144 0.6653846153846154 0.1786743515850144 0.6730769230769231 0.19020172910662825 0.6884615384615385 0.1988472622478386 0.6884615384615385 0.20461095100864554 0.6807692307692308 0.20461095100864554 0.6576923076923077 0.2017291066282421 0.6538461538461539 0.1988472622478386 0.6538461538461539 0.1930835734870317 0.6461538461538462
0 0.44668587896253603 0.75 0.4438040345821326 0.7538461538461538 0.4438040345821326 0.7576923076923077 0.4409221902017291 0.7615384615384615 0.4409221902017291 0.7730769230769231 0.4438040345821326 0.7769230769230769 0.44668587896253603 0.7769230769230769 0.4495677233429395 0.7807692307692308 0.45244956772334294 0.7807692307692308 0.4553314121037464 0.7769230769230769 0.45821325648414984 0.7769230769230769 0.4610951008645533 0.7730769230769231 0.4668587896253602 0.7730769230769231 0.47262247838616717 0.7653846153846153 0.4755043227665706 0.7653846153846153 0.4783861671469741 0.7615384615384615 0.4783861671469741 0.7576923076923077 0.47262247838616717 0.75
0 0.4956772334293948 0.1576923076923077 0.4899135446685879 0.16538461538461538 0.48703170028818443 0.16538461538461538 0.4783861671469741 0.17692307692307693 0.4812680115273775 0.17692307692307693 0.4899135446685879 0.18846153846153846 0.4899135446685879 0.2076923076923077 0.484149855907781 0.2153846153846154 0.4755043227665706 0.2153846153846154 0.4783861671469741 0.21923076923076923 0.49279538904899134 0.21923076923076923 0.4956772334293948 0.2153846153846154 0.49855907780979825 0.2153846153846154 0.5043227665706052 0.2076923076923077 0.5072046109510087 0.2076923076923077 0.515850144092219 0.19615384615384615 0.515850144092219 0.19230769230769232 0.5187319884726225 0.18846153846153846 0.5187319884726225 0.16923076923076924 0.5129682997118156 0.16153846153846155 0.5100864553314121 0.16153846153846155 0.5072046109510087 0.1576923076923077
0 0.792507204610951 0.33076923076923076 0.7896253602305475 0.3346153846153846 0.7838616714697406 0.3346153846153846 0.7780979827089337 0.3423076923076923 0.7780979827089337 0.34615384615384615 0.7723342939481268 0.35384615384615387 0.7723342939481268 0.3576923076923077 0.7636887608069164 0.36923076923076925 0.7636887608069164 0.3730769230769231 0.7665706051873199 0.3769230769230769 0.7665706051873199 0.38461538461538464 0.7723342939481268 0.3923076923076923 0.7780979827089337 0.3923076923076923 0.7809798270893372 0.39615384615384613 0.7838616714697406 0.39615384615384613 0.7867435158501441 0.3923076923076923 0.7896253602305475 0.3923076923076923 0.792507204610951 0.38846153846153847 0.7953890489913544 0.38846153846153847 0.7982708933717579 0.38461538461538464 0.8011527377521613 0.38461538461538464 0.8184438040345822 0.36153846153846153 0.8184438040345822 0.3576923076923077 0.8242074927953891 0.35 0.8242074927953891 0.3384615384615385 0.8184438040345822 0.33076923076923076
0 0.9798270893371758 0.46923076923076923 0.9769452449567724 0.47307692307692306 0.9769452449567724 0.47692307692307695 0.962536023054755 0.49615384615384617 0.962536023054755 0.5192307692307693 0.9711815561959655 0.5307692307692308 0.9740634005763689 0.5307692307692308 0.9769452449567724 0.5346153846153846 0.9798270893371758 0.5346153846153846 0.9827089337175793 0.5384615384615384 0.9971181556195965 0.5384615384615384 0.9971181556195965 0.46923076923076923
0 0.5331412103746398 0.25 0.5273775216138329 0.25769230769230766 0.515850144092219 0.25769230769230766 0.5100864553314121 0.2653846153846154 0.5100864553314121 0.2692307692307692 0.5072046109510087 0.27307692307692305 0.5072046109510087 0.27692307692307694 0.5043227665706052 0.28076923076923077 0.5043227665706052 0.29615384615384616 0.5072046109510087 0.29615384615384616 0.5100864553314121 0.3 0.5129682997118156 0.3 0.5187319884726225 0.3076923076923077 0.5273775216138329 0.3076923076923077 0.5331412103746398 0.3 0.5331412103746398 0.29615384615384616 0.5360230547550432 0.2923076923076923 0.5360230547550432 0.28846153846153844 0.5389048991354467 0.2846153846153846 0.5389048991354467 0.28076923076923077 0.5446685878962536 0.27307692307692305 0.5446685878962536 0.25769230769230766 0.5389048991354467 0.25
0 0.7463976945244957 0.3076923076923077 0.7463976945244957 0.3153846153846154 0.7492795389048992 0.3192307692307692 0.7636887608069164 0.3192307692307692 0.7636887608069164 0.3153846153846154 0.7579250720461095 0.3076923076923077
0 0.15561959654178675 0.7692307692307693 0.14985590778097982 0.7769230769230769 0.14985590778097982 0.7961538461538461 0.1585014409221902 0.8076923076923077 0.16138328530259366 0.8076923076923077 0.1642651296829971 0.8115384615384615 0.1873198847262248 0.8115384615384615 0.19020172910662825 0.8076923076923077 0.19020172910662825 0.8038461538461539 0.19596541786743515 0.7961538461538461 0.1988472622478386 0.7961538461538461 0.2017291066282421 0.7923076923076923 0.2017291066282421 0.7884615384615384 0.1930835734870317 0.7769230769230769 0.1786743515850144 0.7769230769230769 0.1729106628242075 0.7692307692307693
0 0.1930835734870317 0.9615384615384616 0.19020172910662825 0.9653846153846154 0.1873198847262248 0.9653846153846154 0.1873198847262248 0.9730769230769231 0.19020172910662825 0.9769230769230769 0.1844380403458213 0.9846153846153847 0.1786743515850144 0.9846153846153847 0.1786743515850144 0.9961538461538462 0.2219020172910663 0.9961538461538462 0.2219020172910663 0.9923076923076923 0.21902017291066284 0.9884615384615385 0.21902017291066284 0.9846153846153847 0.21613832853025935 0.9807692307692307 0.21613832853025935 0.9769230769230769 0.2132564841498559 0.9730769230769231 0.207492795389049 0.9730769230769231 0.2017291066282421 0.9653846153846154 0.1988472622478386 0.9653846153846154 0.19596541786743515 0.9615384615384616
0 0.2737752161383285 0.5692307692307692 0.27089337175792505 0.573076923076923 0.27089337175792505 0.5769230769230769 0.2680115273775216 0.5807692307692308 0.2680115273775216 0.5923076923076923 0.27089337175792505 0.5961538461538461 0.2881844380403458 0.5961538461538461 0.2910662824207493 0.5923076923076923 0.2910662824207493 0.5769230769230769 0.2881844380403458 0.573076923076923 0.28530259365994237 0.573076923076923 0.2824207492795389 0.5692307692307692
0 0.9942363112391931 0.08846153846153847 0.9913544668587896 0.09230769230769231 0.9884726224783862 0.09230769230769231 0.9855907780979827 0.09615384615384616 0.9855907780979827 0.1 0.9827089337175793 0.10384615384615385 0.9827089337175793 0.11153846153846154 0.9913544668587896 0.12307692307692308 0.9971181556195965 0.12307692307692308 0.9971181556195965 0.08846153846153847
0 0.6858789625360231 0.9192307692307692 0.6829971181556196 0.9230769230769231 0.6772334293948127 0.9230769230769231 0.6743515850144092 0.926923076923077 0.6714697406340058 0.926923076923077 0.654178674351585 0.95 0.654178674351585 0.9538461538461539 0.6512968299711815 0.9576923076923077 0.6512968299711815 0.9615384615384616 0.6484149855907781 0.9653846153846154 0.6484149855907781 0.9807692307692307 0.6512968299711815 0.9846153846153847 0.654178674351585 0.9846153846153847 0.6657060518731989 0.9692307692307692 0.6743515850144092 0.9692307692307692 0.6801152737752162 0.9769230769230769 0.6801152737752162 0.9807692307692307 0.6829971181556196 0.9807692307692307 0.6858789625360231 0.9769230769230769 0.6887608069164265 0.9769230769230769 0.6945244956772334 0.9692307692307692 0.6945244956772334 0.9653846153846154 0.7118155619596542 0.9423076923076923 0.7118155619596542 0.9230769230769231 0.7089337175792507 0.9192307692307692
0 0.011527377521613832 0.23846153846153847 0.008645533141210375 0.2423076923076923 0.008645533141210375 0.25384615384615383 0.01440922190201729 0.26153846153846155 0.01729106628242075 0.26153846153846155 0.020172910662824207 0.2653846153846154 0.025936599423631124 0.2653846153846154 0.025936599423631124 0.25 0.023054755043227664 0.24615384615384617 0.023054755043227664 0.2423076923076923 0.020172910662824207 0.23846153846153847
0 0.5273775216138329 0.4269230769230769 0.5244956772334294 0.4307692307692308 0.521613832853026 0.4307692307692308 0.5129682997118156 0.4423076923076923 0.5129682997118156 0.4576923076923077 0.5244956772334294 0.47307692307692306 0.5360230547550432 0.47307692307692306 0.5417867435158501 0.4807692307692308 0.5417867435158501 0.49615384615384617 0.5446685878962536 0.49615384615384617 0.547550432276657 0.49230769230769234 0.5504322766570605 0.49230769230769234 0.553314121037464 0.48846153846153845 0.5561959654178674 0.48846153846153845 0.5590778097982709 0.4846153846153846 0.5590778097982709 0.4653846153846154 0.5561959654178674 0.46153846153846156 0.5561959654178674 0.43846153846153846 0.5504322766570605 0.43846153846153846 0.5446685878962536 0.4307692307692308 0.5360230547550432 0.4307692307692308 0.5331412103746398 0.4269230769230769
0 0.24495677233429394 0.0 0.2420749279538905 0.0038461538461538464 0.2420749279538905 0.011538461538461539 0.23919308357348704 0.015384615384615385 0.23919308357348704 0.026923076923076925 0.2420749279538905 0.03076923076923077 0.2420749279538905 0.038461538461538464 0.24495677233429394 0.04230769230769231 0.24495677233429394 0.046153846153846156 0.2478386167146974 0.05 0.2507204610951009 0.05 0.25360230547550433 0.05384615384615385 0.26512968299711814 0.05384615384615385 0.27089337175792505 0.046153846153846156 0.2737752161383285 0.046153846153846156 0.276657060518732 0.04230769230769231 0.276657060518732 0.038461538461538464 0.27953890489913547 0.03461538461538462 0.27953890489913547 0.03076923076923077 0.2824207492795389 0.026923076923076925 0.2824207492795389 0.0
0 0.37752161383285304 0.4115384615384615 0.3746397694524496 0.4153846153846154 0.3746397694524496 0.4230769230769231 0.37175792507204614 0.4269230769230769 0.37175792507204614 0.4307692307692308 0.3688760806916426 0.4346153846153846 0.3688760806916426 0.4423076923076923 0.3804034582132565 0.4576923076923077 0.3861671469740634 0.4576923076923077 0.38904899135446686 0.45384615384615384 0.3919308357348703 0.45384615384615384 0.40057636887608067 0.4423076923076923 0.40057636887608067 0.4346153846153846 0.3976945244956772 0.4307692307692308 0.3976945244956772 0.4269230769230769 0.39481268011527376 0.4230769230769231 0.39481268011527376 0.41923076923076924 0.38904899135446686 0.4115384615384615
0 0.8904899135446686 0.019230769230769232 0.8789625360230547 0.03461538461538462 0.8789625360230547 0.04230769230769231 0.8760806916426513 0.046153846153846156 0.8760806916426513 0.057692307692307696 0.8731988472622478 0.06153846153846154 0.8731988472622478 0.06923076923076923 0.8760806916426513 0.07307692307692308 0.8760806916426513 0.07692307692307693 0.8847262247838616 0.08846153846153847 0.8904899135446686 0.08846153846153847 0.8933717579250721 0.08461538461538462 0.8962536023054755 0.08461538461538462 0.899135446685879 0.08076923076923077 0.9020172910662824 0.08076923076923077 0.9106628242074928 0.06923076923076923 0.9106628242074928 0.06538461538461539 0.9164265129682997 0.057692307692307696 0.9164265129682997 0.05384615384615385 0.9193083573487032 0.05 0.9193083573487032 0.038461538461538464 0.9164265129682997 0.03461538461538462 0.9164265129682997 0.03076923076923077 0.9135446685878963 0.026923076923076925 0.9048991354466859 0.026923076923076925 0.899135446685879 0.019230769230769232
0 0.08645533141210375 0.4115384615384615 0.08357348703170028 0.4153846153846154 0.08069164265129683 0.4153846153846154 0.07204610951008646 0.4269230769230769 0.07204610951008646 0.4307692307692308 0.069164265129683 0.4346153846153846 0.069164265129683 0.4461538461538462 0.07492795389048991 0.45384615384615384 0.0893371757925072 0.45384615384615384 0.09221902017291066 0.45 0.09798270893371758 0.45 0.10086455331412104 0.4461538461538462 0.1037463976945245 0.4461538461538462 0.10951008645533142 0.43846153846153846 0.12103746397694524 0.43846153846153846 0.12968299711815562 0.4269230769230769 0.12968299711815562 0.4230769230769231 0.1239193083573487 0.4153846153846154 0.11527377521613832 0.4153846153846154 0.11239193083573487 0.4115384615384615
0 0.6512968299711815 0.4346153846153846 0.6455331412103746 0.4423076923076923 0.6426512968299711 0.4423076923076923 0.6426512968299711 0.45 0.6368876080691642 0.4576923076923077 0.6311239193083573 0.4576923076923077 0.6282420749279539 0.46153846153846156 0.6282420749279539 0.4846153846153846 0.6397694524495677 0.46923076923076923 0.6426512968299711 0.46923076923076923 0.6455331412103746 0.4653846153846154 0.6512968299711815 0.4653846153846154 0.6570605187319885 0.47307692307692306 0.659942363112392 0.47307692307692306 0.6628242074927954 0.47692307692307695 0.6628242074927954 0.4807692307692308 0.6657060518731989 0.4846153846153846 0.6685878962536023 0.4807692307692308 0.6685878962536023 0.47692307692307695 0.6714697406340058 0.47307692307692306 0.6714697406340058 0.4653846153846154 0.6743515850144092 0.46153846153846156 0.6743515850144092 0.4576923076923077 0.6772334293948127 0.45384615384615384 0.6772334293948127 0.4461538461538462 0.6743515850144092 0.4423076923076923 0.6743515850144092 0.43846153846153846 0.6714697406340058 0.4346153846153846
0 0.29394812680115273 0.5769230769230769 0.29394812680115273 0.5923076923076923 0.2881844380403458 0.6 0.2881844380403458 0.6115384615384616 0.30547550432276654 0.6115384615384616 0.30835734870317005 0.6076923076923076 0.3170028818443804 0.6076923076923076 0.31988472622478387 0.6038461538461538 0.3227665706051873 0.6038461538461538 0.3256484149855908 0.6 0.3256484149855908 0.5884615384615385 0.31988472622478387 0.5807692307692308 0.3170028818443804 0.5807692307692308 0.31412103746397696 0.5769230769230769
0 0.5763688760806917 0.12692307692307692 0.5734870317002881 0.13076923076923078 0.5648414985590778 0.13076923076923078 0.5561959654178674 0.1423076923076923 0.553314121037464 0.1423076923076923 0.5446685878962536 0.15384615384615385 0.5446685878962536 0.1576923076923077 0.5417867435158501 0.16153846153846155 0.5417867435158501 0.16538461538461538 0.5360230547550432 0.17307692307692307 0.5360230547550432 0.17692307692307693 0.5446685878962536 0.18846153846153846 0.5648414985590778 0.18846153846153846 0.5677233429394812 0.18461538461538463 0.5706051873198847 0.18461538461538463 0.5734870317002881 0.18076923076923077 0.5763688760806917 0.18076923076923077 0.5878962536023055 0.16538461538461538 0.5878962536023055 0.16153846153846155 0.590778097982709 0.1576923076923077 0.590778097982709 0.1423076923076923 0.5878962536023055 0.13846153846153847 0.5878962536023055 0.1346153846153846 0.5850144092219021 0.13076923076923078 0.5821325648414986 0.13076923076923078 0.579250720461095 0.12692307692307692
0 0.21037463976945245 0.21923076923076923 0.207492795389049 0.2230769230769231 0.20461095100864554 0.2230769230769231 0.1930835734870317 0.23846153846153847 0.1930835734870317 0.2423076923076923 0.19020172910662825 0.24615384615384617 0.19020172910662825 0.25 0.1873198847262248 0.25384615384615383 0.1873198847262248 0.25769230769230766 0.1844380403458213 0.26153846153846155 0.1844380403458213 0.28076923076923077 0.19020172910662825 0.28846153846153844 0.20461095100864554 0.28846153846153844 0.21902017291066284 0.2692307692307692 0.21902017291066284 0.2653846153846154 0.2219020172910663 0.26153846153846155 0.2219020172910663 0.25384615384615383 0.22478386167146974 0.25 0.22478386167146974 0.24615384615384617 0.2276657060518732 0.2423076923076923 0.2276657060518732 0.22692307692307692 0.2219020172910663 0.21923076923076923
0 0.1642651296829971 0.676923076923077 0.16138328530259366 0.6807692307692308 0.16138328530259366 0.6846153846153846 0.1585014409221902 0.6884615384615385 0.1585014409221902 0.7038461538461539 0.16138328530259366 0.7076923076923077 0.16138328530259366 0.7115384615384616 0.17002881844380405 0.7230769230769231 0.1729106628242075 0.7230769230769231 0.1786743515850144 0.7307692307692307 0.1844380403458213 0.7307692307692307 0.1873198847262248 0.7346153846153847 0.1988472622478386 0.7346153846153847 0.2017291066282421 0.7307692307692307 0.207492795389049 0.7307692307692307 0.21613832853025935 0.7192307692307692 0.21613832853025935 0.7153846153846154 0.21902017291066284 0.7115384615384616 0.21902017291066284 0.7038461538461539 0.21613832853025935 0.7 0.21613832853025935 0.6961538461538461 0.21037463976945245 0.6884615384615385 0.2017291066282421 0.6884615384615385 0.1988472622478386 0.6923076923076923 0.20461095100864554 0.7 0.20461095100864554 0.7038461538461539 0.207492795389049 0.7076923076923077 0.207492795389049 0.7115384615384616 0.1988472622478386 0.7230769230769231 0.1930835734870317 0.7230769230769231 0.1844380403458213 0.7115384615384616 0.1844380403458213 0.7 0.1873198847262248 0.6961538461538461 0.1873198847262248 0.6884615384615385 0.1786743515850144 0.676923076923077
0 0.7636887608069164 0.29615384615384616 0.7636887608069164 0.3 0.760806916426513 0.3038461538461538 0.760806916426513 0.3076923076923077 0.7665706051873199 0.3153846153846154 0.7723342939481268 0.3076923076923077 0.7723342939481268 0.3 0.7694524495677233 0.29615384615384616
0 0.1930835734870317 0.8961538461538462 0.19020172910662825 0.9 0.1873198847262248 0.9 0.1844380403458213 0.9038461538461539 0.1844380403458213 0.9076923076923077 0.18155619596541786 0.9115384615384615 0.18155619596541786 0.9230769230769231 0.1844380403458213 0.9230769230769231 0.19596541786743515 0.9384615384615385 0.19596541786743515 0.95 0.1988472622478386 0.9538461538461539 0.1988472622478386 0.9615384615384616 0.2017291066282421 0.9615384615384616 0.207492795389049 0.9692307692307692 0.22478386167146974 0.9692307692307692 0.2334293948126801 0.9576923076923077 0.2334293948126801 0.95 0.23631123919308358 0.9461538461538461 0.23631123919308358 0.9307692307692308 0.2334293948126801 0.926923076923077 0.2334293948126801 0.9192307692307692 0.2276657060518732 0.9115384615384615 0.2276657060518732 0.9076923076923077 0.2219020172910663 0.9 0.21613832853025935 0.9 0.2132564841498559 0.8961538461538462
0 0.8559077809798271 0.6961538461538461 0.8501440922190202 0.7038461538461539 0.8472622478386167 0.7038461538461539 0.8414985590778098 0.7115384615384616 0.8414985590778098 0.7153846153846154 0.8357348703170029 0.7230769230769231 0.8357348703170029 0.7423076923076923 0.8414985590778098 0.75 0.8587896253602305 0.75 0.8731988472622478 0.7307692307692307 0.8731988472622478 0.7230769230769231 0.8703170028818443 0.7192307692307692 0.8703170028818443 0.7076923076923077 0.861671469740634 0.6961538461538461
