0 0.1484375 0.8046875 0.14453125 0.80859375 0.12890625 0.80859375 0.12109375 0.81640625 0.11328125 0.81640625 0.109375 0.8203125 0.1015625 0.8203125 0.0859375 0.8359375 0.08203125 0.8359375 0.08203125 0.83984375 0.078125 0.84375 0.078125 0.8515625 0.08203125 0.85546875 0.08203125 0.859375 0.0859375 0.859375 0.08984375 0.86328125 0.09765625 0.86328125 0.1015625 0.859375 0.10546875 0.86328125 0.1171875 0.86328125 0.12109375 0.859375 0.125 0.859375 0.12890625 0.85546875 0.13671875 0.85546875 0.140625 0.8515625 0.1484375 0.8515625 0.15625 0.84375 0.1640625 0.84375 0.171875 0.8359375 0.171875 0.82421875 0.1640625 0.81640625 0.1640625 0.8125 0.16015625 0.80859375 0.15234375 0.80859375
0 0.0 0.640625 0.0 0.6875 0.00390625 0.68359375 0.01171875 0.68359375 0.01171875 0.67578125 0.015625 0.671875 0.015625 0.65625
0 0.3515625 0.640625 0.34765625 0.64453125 0.34375 0.64453125 0.33984375 0.6484375 0.3359375 0.6484375 0.33203125 0.65234375 0.33203125 0.65625 0.328125 0.66015625 0.328125 0.6640625 0.33203125 0.66796875 0.33203125 0.671875 0.3359375 0.67578125 0.33984375 0.67578125 0.34375 0.6796875 0.35546875 0.6796875 0.359375 0.67578125 0.3671875 0.67578125 0.375 0.66796875 0.37890625 0.66796875 0.37890625 0.65234375 0.3671875 0.640625
0 0.5 0.0 0.49609375 0.00390625 0.49609375 0.015625 0.5 0.01953125 0.5 0.0234375 0.50390625 0.0234375 0.5078125 0.02734375 0.51953125 0.02734375 0.5234375 0.0234375 0.53515625 0.0234375 0.5390625 0.01953125 0.54296875 0.01953125 0.55859375 0.00390625 0.55859375 0.0
0 0.7890625 0.046875 0.78515625 0.05078125 0.78125 0.05078125 0.77734375 0.0546875 0.7734375 0.0546875 0.75390625 0.07421875 0.75390625 0.078125 0.75 0.08203125 0.75 0.09375 0.76171875 0.10546875 0.765625 0.10546875 0.76953125 0.109375 0.7734375 0.109375 0.77734375 0.10546875 0.78515625 0.10546875 0.7890625 0.1015625 0.79296875 0.1015625 0.8046875 0.08984375 0.8046875 0.0859375 0.80859375 0.08203125 0.80859375 0.078125 0.81640625 0.0703125 0.81640625 0.0546875 0.80859375 0.046875
0 0.25390625 0.33984375 0.25 0.34375 0.2421875 0.34375 0.23828125 0.34765625 0.234375 0.34765625 0.2265625 0.35546875 0.2265625 0.359375 0.22265625 0.36328125 0.22265625 0.375 0.23046875 0.3828125 0.234375 0.3828125 0.23828125 0.38671875 0.25 0.38671875 0.25390625 0.3828125 0.26171875 0.3828125 0.265625 0.37890625 0.26953125 0.37890625 0.27734375 0.37109375 0.27734375 0.359375 0.28125 0.35546875 0.27734375 0.3515625 0.27734375 0.34765625 0.26953125 0.33984375
0 0.4765625 0.125 0.47265625 0.12890625 0.46484375 0.12890625 0.453125 0.140625 0.453125 0.14453125 0.45703125 0.1484375 0.45703125 0.15234375 0.4609375 0.15234375 0.46484375 0.15625 0.46875 0.15625 0.47265625 0.16015625 0.4765625 0.15625 0.484375 0.15625 0.49609375 0.14453125 0.49609375 0.1328125 0.48828125 0.125
0 0.84375 0.48828125 0.8359375 0.49609375 0.83203125 0.49609375 0.8203125 0.5078125 0.8203125 0.515625 0.81640625 0.51953125 0.81640625 0.53515625 0.8203125 0.5390625 0.8203125 0.546875 0.82421875 0.55078125 0.82421875 0.5546875 0.828125 0.55859375 0.83203125 0.55859375 0.8359375 0.5625 0.84765625 0.5625 0.8515625 0.55859375 0.85546875 0.55859375 0.86328125 0.55078125 0.86328125 0.546875 0.8671875 0.54296875 0.8671875 0.53125 0.87109375 0.52734375 0.87109375 0.5078125 0.8671875 0.50390625 0.8671875 0.5 0.86328125 0.49609375 0.86328125 0.4921875 0.859375 0.4921875 0.85546875 0.48828125
0 0.31640625 0.96484375 0.3125 0.96875 0.30859375 0.96875 0.3046875 0.97265625 0.30078125 0.97265625 0.30078125 0.98046875 0.296875 0.984375 0.296875 0.99609375 0.33984375 0.99609375 0.33984375 0.984375 0.3359375 0.98046875 0.3359375 0.97265625 0.328125 0.96484375
0 0.5390625 0.296875 0.53515625 0.30078125 0.53125 0.30078125 0.515625 0.31640625 0.515625 0.32421875 0.5078125 0.33203125 0.5078125 0.36328125 0.53125 0.36328125 0.53515625 0.359375 0.5390625 0.359375 0.54296875 0.35546875 0.546875 0.35546875 0.546875 0.3515625 0.55859375 0.33984375 0.55859375 0.3359375 0.5625 0.33203125 0.5625 0.30859375 0.55859375 0.3046875 0.55859375 0.30078125 0.5546875 0.30078125 0.55078125 0.296875
0 0.84375 0.12109375 0.8359375 0.12890625 0.83203125 0.12890625 0.82421875 0.13671875 0.82421875 0.140625 0.8203125 0.14453125 0.8203125 0.15625 0.828125 0.1640625 0.83984375 0.1640625 0.84375 0.16015625 0.84765625 0.16015625 0.8515625 0.15625 0.85546875 0.15625 0.85546875 0.15234375 0.859375 0.1484375 0.859375 0.12890625 0.8515625 0.12109375
