0 0.034375 0.73046875 0.03125 0.734375 0.03125 0.73828125 0.028125 0.7421875 0.028125 0.75 0.025 0.75390625 0.025 0.765625 0.021875 0.76953125 0.021875 0.78125 0.025 0.78515625 0.025 0.7890625 0.03125 0.796875 0.03125 0.80078125 0.034375 0.8046875 0.0375 0.8046875 0.040625 0.80859375 0.053125 0.80859375 0.05625 0.8125 0.06875 0.8125 0.071875 0.81640625 0.08125 0.81640625 0.084375 0.8203125 0.096875 0.8203125 0.103125 0.8125 0.103125 0.76953125 0.0875 0.75 0.084375 0.75 0.078125 0.7421875 0.075 0.7421875 0.071875 0.73828125 0.0625 0.73828125 0.059375 0.734375 0.04375 0.734375 0.040625 0.73046875
0 0.240625 0.98828125 0.234375 0.99609375 0.28125 0.99609375 0.28125 0.9921875 0.278125 0.98828125
0 0.228125 0.7109375 0.225 0.71484375 0.225 0.734375 0.228125 0.73828125 0.228125 0.7421875 0.234375 0.75 0.240625 0.75 0.24375 0.74609375 0.24375 0.73828125 0.246875 0.734375 0.246875 0.71875 0.240625 0.7109375
0 0.2375 0.828125 0.234375 0.83203125 0.23125 0.83203125 0.20625 0.86328125 0.20625 0.875 0.209375 0.87890625 0.209375 0.90234375 0.2125 0.90625 0.2125 0.9140625 0.221875 0.92578125 0.225 0.92578125 0.228125 0.9296875 0.23125 0.9296875 0.234375 0.93359375 0.259375 0.93359375 0.2625 0.9375 0.265625 0.9375 0.271875 0.9453125 0.278125 0.9453125 0.284375 0.9375 0.284375 0.93359375 0.2875 0.9296875 0.2875 0.921875 0.290625 0.91796875 0.290625 0.890625 0.2875 0.88671875 0.2875 0.8828125 0.28125 0.875 0.28125 0.87109375 0.271875 0.859375 0.271875 0.85546875 0.25 0.828125
0 0.00625 0.41015625 0.003125 0.4140625 0.003125 0.42578125 0.00625 0.4296875 0.00625 0.43359375 0.0125 0.44140625 0.0125 0.4453125 0.01875 0.453125 0.025 0.453125 0.034375 0.44140625 0.034375 0.4296875 0.028125 0.421875 0.025 0.421875 0.015625 0.41015625
0 0.33125 0.53515625 0.321875 0.546875 0.321875 0.55078125 0.325 0.5546875 0.325 0.55859375 0.328125 0.5625 0.328125 0.56640625 0.33125 0.5703125 0.33125 0.578125 0.3375 0.5859375 0.3375 0.58984375 0.346875 0.6015625 0.346875 0.60546875 0.35 0.609375 0.35 0.61328125 0.353125 0.6171875 0.353125 0.62109375 0.365625 0.63671875 0.375 0.63671875 0.38125 0.64453125 0.3875 0.64453125 0.390625 0.6484375 0.40625 0.6484375 0.4125 0.640625 0.4125 0.63671875 0.40625 0.62890625 0.40625 0.60546875 0.403125 0.6015625 0.403125 0.59765625 0.4 0.59375 0.4 0.58984375 0.3875 0.57421875 0.384375 0.57421875 0.378125 0.56640625 0.375 0.56640625 0.35625 0.54296875 0.353125 0.54296875 0.35 0.5390625 0.346875 0.5390625 0.34375 0.53515625
0 0.14375 0.78125 0.140625 0.78515625 0.1375 0.78515625 0.134375 0.7890625 0.13125 0.7890625 0.125 0.796875 0.125 0.8125 0.121875 0.81640625 0.121875 0.8203125 0.125 0.82421875 0.125 0.828125 0.128125 0.83203125 0.128125 0.8359375 0.13125 0.83984375 0.13125 0.84375 0.128125 0.84765625 0.128125 0.85546875 0.125 0.859375 0.125 0.8671875 0.128125 0.87109375 0.128125 0.87890625 0.13125 0.8828125 0.13125 0.8984375 0.134375 0.90234375 0.134375 0.921875 0.1375 0.92578125 0.15 0.92578125 0.153125 0.921875 0.159375 0.921875 0.1625 0.91796875 0.165625 0.91796875 0.16875 0.9140625 0.16875 0.91015625 0.171875 0.90625 0.171875 0.87890625 0.175 0.875 0.175 0.8671875 0.171875 0.86328125 0.171875 0.85546875 0.16875 0.8515625 0.16875 0.8359375 0.165625 0.83203125 0.165625 0.80078125 0.15625 0.7890625 0.153125 0.7890625 0.146875 0.78125
0 0.0 0.67578125 0.0 0.7890625 0.009375 0.77734375 0.01875 0.77734375 0.01875 0.76953125 0.021875 0.765625 0.021875 0.75390625 0.025 0.75 0.025 0.7421875 0.028125 0.73828125 0.028125 0.734375 0.03125 0.73046875 0.015625 0.7109375 0.015625 0.703125 0.0125 0.69921875 0.0125 0.69140625
0 0.815625 0.56640625 0.8125 0.5703125 0.8125 0.578125 0.815625 0.58203125 0.815625 0.5859375 0.81875 0.58984375 0.81875 0.59375 0.825 0.6015625 0.825 0.60546875 0.828125 0.609375 0.828125 0.61328125 0.83125 0.6171875 0.83125 0.62109375 0.834375 0.625 0.834375 0.6328125 0.8375 0.63671875 0.840625 0.63671875 0.853125 0.65234375 0.859375 0.65234375 0.896875 0.69921875 0.896875 0.703125 0.915625 0.7265625 0.91875 0.7265625 0.921875 0.73046875 0.925 0.73046875 0.95 0.76171875 0.953125 0.76171875 0.959375 0.76953125 0.9625 0.76953125 0.965625 0.7734375 0.975 0.7734375 0.978125 0.76953125 0.978125 0.76171875 0.971875 0.75390625 0.96875 0.75390625 0.953125 0.734375 0.953125 0.73046875 0.95 0.7265625 0.946875 0.7265625 0.940625 0.71875 0.940625 0.71484375 0.88125 0.640625 0.878125 0.640625 0.86875 0.62890625 0.853125 0.62890625 0.846875 0.62109375 0.846875 0.6171875 0.84375 0.61328125 0.84375 0.609375 0.840625 0.60546875 0.840625 0.6015625 0.8375 0.59765625 0.8375 0.59375 0.834375 0.58984375 0.834375 0.5859375 0.828125 0.578125 0.828125 0.57421875 0.821875 0.56640625
0 0.265625 0.76171875 0.2625 0.765625 0.2625 0.7890625 0.259375 0.79296875 0.259375 0.80078125 0.25625 0.8046875 0.25625 0.80859375 0.253125 0.8125 0.253125 0.81640625 0.25 0.8203125 0.25 0.82421875 0.275 0.85546875 0.275 0.859375 0.284375 0.87109375 0.284375 0.875 0.290625 0.8828125 0.290625 0.88671875 0.29375 0.890625 0.29375 0.9140625 0.296875 0.91015625 0.3 0.9140625 0.303125 0.9140625 0.309375 0.921875 0.31875 0.921875 0.321875 0.92578125 0.33125 0.92578125 0.334375 0.921875 0.3375 0.921875 0.340625 0.91796875 0.340625 0.9140625 0.34375 0.91015625 0.34375 0.90625 0.340625 0.90234375 0.340625 0.890625 0.3375 0.88671875 0.3375 0.8828125 0.334375 0.87890625 0.334375 0.875 0.33125 0.87109375 0.33125 0.86328125 0.328125 0.859375 0.328125 0.85546875 0.325 0.8515625 0.325 0.84765625 0.321875 0.84375 0.321875 0.83984375 0.31875 0.8359375 0.31875 0.83203125 0.315625 0.828125 0.315625 0.82421875 0.30625 0.8125 0.303125 0.8125 0.290625 0.796875 0.290625 0.79296875 0.2875 0.7890625 0.2875 0.78515625 0.284375 0.78125 0.284375 0.77734375 0.271875 0.76171875
0 0.03125 0.8125 0.021875 0.82421875 0.021875 0.83984375 0.025 0.84375 0.028125 0.84375 0.03125 0.84765625 0.034375 0.84765625 0.0375 0.8515625 0.040625 0.8515625 0.04375 0.85546875 0.046875 0.85546875 0.05625 0.8671875 0.059375 0.8671875 0.0625 0.87109375 0.065625 0.87109375 0.071875 0.87890625 0.075 0.87890625 0.078125 0.8828125 0.08125 0.8828125 0.084375 0.88671875 0.090625 0.88671875 0.09375 0.890625 0.103125 0.890625 0.109375 0.8828125 0.109375 0.87890625 0.1125 0.875 0.1125 0.8515625 0.109375 0.84765625 0.109375 0.84375 0.09375 0.82421875 0.084375 0.82421875 0.08125 0.8203125 0.071875 0.8203125 0.06875 0.81640625 0.05625 0.81640625 0.053125 0.8125
0 0.4 0.7890625 0.396875 0.79296875 0.39375 0.79296875 0.384375 0.8046875 0.38125 0.8046875 0.375 0.8125 0.375 0.81640625 0.36875 0.82421875 0.36875 0.8359375 0.365625 0.83984375 0.365625 0.84765625 0.375 0.859375 0.375 0.86328125 0.378125 0.8671875 0.378125 0.875 0.38125 0.87890625 0.38125 0.8828125 0.39375 0.8984375 0.396875 0.8984375 0.403125 0.90625 0.40625 0.90625 0.409375 0.91015625 0.4125 0.91015625 0.415625 0.9140625 0.421875 0.9140625 0.425 0.91796875 0.43125 0.91796875 0.4375 0.91015625 0.4375 0.90625 0.440625 0.90234375 0.440625 0.87890625 0.44375 0.875 0.44375 0.8671875 0.446875 0.86328125 0.446875 0.83984375 0.44375 0.8359375 0.44375 0.83203125 0.440625 0.828125 0.440625 0.8203125 0.434375 0.8125 0.434375 0.80859375 0.425 0.796875 0.415625 0.796875 0.409375 0.7890625
0 0.828125 0.0 0.83125 0.00390625 0.83125 0.0078125 0.834375 0.01171875 0.834375 0.015625 0.840625 0.0234375 0.840625 0.02734375 0.85 0.0390625 0.85625 0.0390625 0.86875 0.0546875 0.86875 0.05859375 0.878125 0.0703125 0.88125 0.0703125 0.890625 0.08203125 0.890625 0.08984375 0.89375 0.09375 0.896875 0.09375 0.903125 0.1015625 0.903125 0.10546875 0.909375 0.11328125 0.9125 0.11328125 0.921875 0.125 0.925 0.125 0.928125 0.12890625 0.934375 0.12890625 0.940625 0.13671875 0.940625 0.140625 0.94375 0.14453125 0.94375 0.1484375 0.959375 0.16796875 0.9625 0.1640625 0.9625 0.1484375 0.959375 0.14453125 0.959375 0.13671875 0.95625 0.1328125 0.95625 0.12890625 0.953125 0.125 0.953125 0.12109375 0.95 0.1171875 0.95 0.109375 0.946875 0.10546875 0.946875 0.1015625 0.940625 0.09375 0.940625 0.08984375 0.9375 0.0859375 0.9375 0.08203125 0.921875 0.0625 0.921875 0.05859375 0.909375 0.04296875 0.909375 0.0390625 0.903125 0.03125 0.903125 0.02734375 0.884375 0.00390625 0.884375 0.0
0 0.353125 0.94921875 0.346875 0.95703125 0.346875 0.96484375 0.35 0.96875 0.35 0.98046875 0.353125 0.984375 0.353125 0.98828125 0.35 0.9921875 0.35 0.99609375 0.409375 0.99609375 0.409375 0.9921875 0.4 0.98046875 0.4 0.9765625 0.390625 0.96484375 0.3875 0.96484375 0.378125 0.953125 0.375 0.953125 0.371875 0.94921875
0 0.2125 0.60546875 0.209375 0.609375 0.171875 0.609375 0.16875 0.61328125 0.16875 0.6171875 0.165625 0.62109375 0.165625 0.63671875 0.1625 0.640625 0.1625 0.65234375 0.159375 0.65625 0.159375 0.66015625 0.153125 0.66796875 0.153125 0.6796875 0.1625 0.69140625 0.1625 0.6953125 0.165625 0.69921875 0.165625 0.703125 0.175 0.71484375 0.18125 0.71484375 0.184375 0.71875 0.1875 0.71875 0.190625 0.72265625 0.19375 0.72265625 0.2 0.73046875 0.221875 0.73046875 0.221875 0.71484375 0.228125 0.70703125 0.228125 0.703125 0.225 0.69921875 0.225 0.69140625 0.228125 0.6875 0.228125 0.68359375 0.23125 0.6796875 0.23125 0.671875 0.234375 0.66796875 0.234375 0.65625 0.2375 0.65234375 0.2375 0.6484375 0.240625 0.64453125 0.240625 0.63671875 0.2375 0.6328125 0.2375 0.62890625 0.234375 0.625 0.234375 0.62109375 0.228125 0.61328125 0.228125 0.609375 0.225 0.60546875
0 0.99375 0.30859375 0.99375 0.34765625 0.996875 0.34765625 0.996875 0.30859375
0 0.934375 0.0 0.940625 0.0078125 0.94375 0.0078125 0.95625 0.0234375 0.95625 0.02734375 0.975 0.05078125 0.978125 0.05078125 0.984375 0.05859375 0.996875 0.05859375 0.996875 0.0390625 0.99375 0.03515625 0.990625 0.03515625 0.9875 0.03125 0.984375 0.03125 0.978125 0.0234375 0.978125 0.01953125 0.975 0.015625 0.975 0.0078125 0.971875 0.00390625 0.971875 0.0
