0 0.80078125 0.28515625 0.79296875 0.29296875 0.79296875 0.3046875 0.80859375 0.3203125 0.82421875 0.3203125 0.828125 0.31640625 0.828125 0.3046875 0.81640625 0.29296875 0.8125 0.29296875 0.8046875 0.28515625
0 0.86328125 0.37109375 0.859375 0.375 0.85546875 0.375 0.84765625 0.3828125 0.84765625 0.39453125 0.8515625 0.3984375 0.85546875 0.3984375 0.859375 0.39453125 0.86328125 0.39453125 0.8671875 0.390625 0.875 0.390625 0.87890625 0.38671875 0.87890625 0.375 0.875 0.37109375
0 0.29296875 0.2265625 0.2734375 0.24609375 0.26953125 0.24609375 0.265625 0.25 0.265625 0.2578125 0.26953125 0.26171875 0.28125 0.26171875 0.28515625 0.265625 0.30078125 0.265625 0.3125 0.25390625 0.3125 0.23046875 0.30859375 0.2265625
0 0.84375 0.30859375 0.83984375 0.3125 0.8359375 0.3125 0.83203125 0.31640625 0.83203125 0.3359375 0.8359375 0.33984375 0.8515625 0.33984375 0.859375 0.33203125 0.859375 0.31640625 0.8515625 0.30859375
0 0.34375 0.171875 0.33984375 0.17578125 0.3359375 0.17578125 0.328125 0.18359375 0.328125 0.19921875 0.3359375 0.20703125 0.34375 0.20703125 0.34765625 0.2109375 0.35546875 0.2109375 0.359375 0.20703125 0.36328125 0.20703125 0.3671875 0.203125 0.3671875 0.1796875 0.359375 0.171875
0 0.74609375 0.328125 0.7421875 0.33203125 0.7421875 0.35546875 0.74609375 0.359375 0.765625 0.359375 0.76953125 0.35546875 0.76953125 0.33203125 0.765625 0.328125
0 0.77734375 0.37109375 0.7734375 0.375 0.7734375 0.38671875 0.78515625 0.38671875 0.796875 0.3984375 0.80078125 0.3984375 0.8046875 0.39453125 0.8046875 0.390625 0.80078125 0.38671875 0.80078125 0.3828125 0.79296875 0.375 0.7890625 0.375 0.78515625 0.37109375
0 0.8203125 0.265625 0.81640625 0.26953125 0.8125 0.26953125 0.80859375 0.2734375 0.80859375 0.28515625 0.8125 0.2890625 0.82421875 0.2890625 0.828125 0.29296875 0.84375 0.29296875 0.8515625 0.28515625 0.8515625 0.27734375 0.84375 0.26953125 0.8359375 0.26953125 0.83203125 0.265625
0 0.76953125 0.390625 0.7578125 0.40234375 0.7578125 0.4140625 0.765625 0.421875 0.78125 0.421875 0.78515625 0.41796875 0.78515625 0.4140625 0.79296875 0.40625 0.79296875 0.3984375 0.78515625 0.390625
0 0.8671875 0.39453125 0.86328125 0.3984375 0.859375 0.3984375 0.85546875 0.40234375 0.85546875 0.41015625 0.859375 0.4140625 0.87890625 0.4140625 0.8828125 0.41015625 0.8828125 0.3984375 0.87890625 0.39453125
