0 0.30859375 0.54296875 0.3046875 0.546875 0.30078125 0.546875 0.2890625 0.55859375 0.2890625 0.5625 0.28125 0.5703125 0.28125 0.57421875 0.27734375 0.578125 0.27734375 0.58203125 0.2734375 0.5859375 0.2734375 0.6015625 0.27734375 0.60546875 0.27734375 0.609375 0.28125 0.61328125 0.33203125 0.61328125 0.3359375 0.609375 0.3359375 0.60546875 0.34375 0.59765625 0.34375 0.58984375 0.34765625 0.5859375 0.34765625 0.56640625 0.34375 0.5625 0.34375 0.55859375 0.33203125 0.546875 0.33203125 0.54296875
0 0.3984375 0.93359375 0.39453125 0.9375 0.38671875 0.9375 0.38671875 0.94140625 0.37890625 0.94921875 0.37890625 0.98046875 0.38671875 0.98828125 0.39453125 0.98828125 0.3984375 0.9921875 0.4140625 0.9921875 0.41796875 0.98828125 0.421875 0.98828125 0.43359375 0.9765625 0.43359375 0.94921875 0.421875 0.9375 0.4140625 0.9375 0.41015625 0.93359375
0 0.20703125 0.7734375 0.203125 0.77734375 0.19921875 0.77734375 0.19140625 0.78515625 0.19140625 0.80078125 0.1953125 0.8046875 0.1953125 0.8125 0.19921875 0.8125 0.203125 0.81640625 0.20703125 0.81640625 0.2109375 0.8203125 0.21875 0.8203125 0.22265625 0.81640625 0.234375 0.81640625 0.23828125 0.8125 0.23828125 0.78125 0.234375 0.77734375 0.23046875 0.77734375 0.2265625 0.7734375
0 0.1015625 0.79296875 0.09375 0.80078125 0.09375 0.8125 0.08984375 0.81640625 0.08984375 0.828125 0.1171875 0.828125 0.12109375 0.82421875 0.125 0.82421875 0.125 0.8203125 0.12890625 0.81640625 0.1328125 0.81640625 0.1328125 0.8125 0.13671875 0.80859375 0.13671875 0.8046875 0.1328125 0.80078125 0.12890625 0.80078125 0.12109375 0.79296875
0 0.1015625 0.50390625 0.09765625 0.5078125 0.08984375 0.5078125 0.0859375 0.51171875 0.07421875 0.51171875 0.0703125 0.515625 0.0703125 0.5234375 0.06640625 0.52734375 0.06640625 0.55859375 0.0703125 0.5625 0.0703125 0.56640625 0.0859375 0.58203125 0.109375 0.58203125 0.14453125 0.546875 0.14453125 0.53515625 0.140625 0.53125 0.140625 0.52734375 0.125 0.51171875 0.125 0.5078125 0.10546875 0.5078125
0 0.12109375 0.69140625 0.1171875 0.6953125 0.1171875 0.69921875 0.11328125 0.703125 0.11328125 0.7109375 0.1171875 0.71484375 0.1171875 0.71875 0.125 0.7265625 0.140625 0.7265625 0.14453125 0.72265625 0.14453125 0.71875 0.1484375 0.71484375 0.1484375 0.703125 0.14453125 0.69921875 0.14453125 0.6953125 0.140625 0.6953125 0.13671875 0.69140625
0 0.89453125 0.0 0.90625 0.01171875 0.9140625 0.01171875 0.91796875 0.015625 0.921875 0.01171875 0.93359375 0.01171875 0.9375 0.0078125 0.94140625 0.0078125 0.9453125 0.00390625 0.94921875 0.00390625 0.953125 0.0
0 0.109375 0.46484375 0.1015625 0.47265625 0.09765625 0.47265625 0.09375 0.4765625 0.09375 0.49609375 0.09765625 0.5 0.1015625 0.5 0.10546875 0.50390625 0.1484375 0.50390625 0.15234375 0.5 0.15625 0.5 0.16015625 0.49609375 0.16015625 0.4765625 0.15234375 0.46875 0.1484375 0.46875 0.14453125 0.46484375
0 0.48046875 0.5078125 0.4765625 0.51171875 0.47265625 0.51171875 0.46875 0.515625 0.46484375 0.515625 0.46484375 0.51953125 0.4609375 0.5234375 0.4609375 0.52734375 0.45703125 0.53125 0.4609375 0.53515625 0.4609375 0.54296875 0.46484375 0.546875 0.46484375 0.55078125 0.47265625 0.55859375 0.48046875 0.55859375 0.484375 0.5625 0.4921875 0.5625 0.49609375 0.55859375 0.5078125 0.55859375 0.515625 0.55078125 0.515625 0.546875 0.51953125 0.54296875 0.515625 0.5390625 0.51953125 0.53515625 0.515625 0.53125 0.515625 0.5234375 0.51171875 0.51953125 0.51171875 0.515625 0.5078125 0.515625 0.50390625 0.51171875 0.5 0.51171875 0.49609375 0.5078125
0 0.01953125 0.6953125 0.015625 0.69921875 0.01171875 0.69921875 0.01171875 0.703125 0.0078125 0.70703125 0.0078125 0.7109375 0.00390625 0.71484375 0.0 0.71484375 0.0 0.78515625 0.00390625 0.7890625 0.01171875 0.7890625 0.015625 0.79296875 0.03515625 0.79296875 0.0390625 0.7890625 0.04296875 0.7890625 0.046875 0.78515625 0.05078125 0.78515625 0.05859375 0.77734375 0.0625 0.77734375 0.0625 0.7734375 0.06640625 0.76953125 0.06640625 0.75 0.0625 0.74609375 0.0625 0.73828125 0.05859375 0.734375 0.05859375 0.7265625 0.0546875 0.72265625 0.0546875 0.71875 0.05078125 0.71484375 0.05078125 0.7109375 0.04296875 0.703125 0.03515625 0.703125 0.03125 0.69921875 0.02734375 0.69921875 0.0234375 0.6953125
