0 0.36328125 0.3046875 0.34765625 0.3203125 0.34375 0.3203125 0.34375 0.34765625 0.359375 0.36328125 0.3828125 0.36328125 0.390625 0.35546875 0.390625 0.3515625 0.40234375 0.33984375 0.40234375 0.31640625 0.3984375 0.31640625 0.390625 0.30859375 0.38671875 0.30859375 0.3828125 0.3046875
0 0.078125 0.30859375 0.07421875 0.3125 0.06640625 0.3125 0.0546875 0.32421875 0.0546875 0.328125 0.05078125 0.33203125 0.0546875 0.3359375 0.0546875 0.33984375 0.06640625 0.3515625 0.06640625 0.35546875 0.07421875 0.35546875 0.078125 0.3515625 0.08203125 0.3515625 0.0859375 0.34765625 0.08984375 0.34765625 0.09765625 0.33984375 0.09765625 0.33203125 0.1015625 0.328125 0.1015625 0.3203125 0.08984375 0.30859375
0 0.8515625 0.07421875 0.84375 0.08203125 0.84375 0.0859375 0.83984375 0.08984375 0.8359375 0.08984375 0.828125 0.09765625 0.828125 0.10546875 0.82421875 0.109375 0.82421875 0.1171875 0.83203125 0.125 0.83203125 0.140625 0.84375 0.15234375 0.8671875 0.15234375 0.87890625 0.140625 0.87890625 0.13671875 0.8828125 0.1328125 0.8828125 0.12890625 0.88671875 0.125 0.88671875 0.109375 0.890625 0.10546875 0.890625 0.1015625 0.88671875 0.09765625 0.88671875 0.09375 0.87109375 0.078125 0.86328125 0.078125 0.859375 0.07421875
0 0.1484375 0.17578125 0.1484375 0.1796875 0.140625 0.1875 0.140625 0.2109375 0.16015625 0.23046875 0.16015625 0.234375 0.171875 0.234375 0.17578125 0.23046875 0.1796875 0.23046875 0.1796875 0.22265625 0.1875 0.21484375 0.1875 0.19140625 0.18359375 0.1875 0.18359375 0.18359375 0.1796875 0.18359375 0.171875 0.17578125
0 0.08984375 0.12109375 0.078125 0.1328125 0.07421875 0.1328125 0.05859375 0.1484375 0.05078125 0.1484375 0.05078125 0.15234375 0.046875 0.15625 0.046875 0.16796875 0.05078125 0.171875 0.05078125 0.17578125 0.0625 0.1875 0.0859375 0.1875 0.08984375 0.19140625 0.1015625 0.19140625 0.109375 0.18359375 0.11328125 0.18359375 0.1171875 0.1796875 0.1171875 0.17578125 0.12109375 0.171875 0.12109375 0.140625 0.10546875 0.125 0.09765625 0.125 0.09375 0.12109375
0 0.08203125 0.95703125 0.078125 0.9609375 0.0625 0.9609375 0.05859375 0.96484375 0.0546875 0.96484375 0.05078125 0.96875 0.046875 0.96875 0.04296875 0.97265625 0.04296875 0.9765625 0.0390625 0.98046875 0.0390625 0.99609375 0.1015625 0.99609375 0.1015625 0.98046875 0.09765625 0.9765625 0.09765625 0.96875 0.08984375 0.9609375 0.0859375 0.9609375
0 0.30078125 0.0 0.29296875 0.0078125 0.29296875 0.03515625 0.30078125 0.04296875 0.3046875 0.04296875 0.30859375 0.046875 0.3359375 0.046875 0.34375 0.0390625 0.34765625 0.0390625 0.35546875 0.03125 0.35546875 0.02734375 0.359375 0.0234375 0.359375 0.015625 0.36328125 0.01171875 0.36328125 0.0
0 0.47265625 0.1171875 0.45703125 0.1328125 0.45703125 0.140625 0.453125 0.14453125 0.453125 0.17578125 0.45703125 0.1796875 0.45703125 0.18359375 0.4609375 0.1875 0.46484375 0.1875 0.46875 0.19140625 0.47265625 0.19140625 0.4765625 0.1953125 0.48828125 0.1953125 0.4921875 0.19140625 0.49609375 0.19140625 0.50390625 0.18359375 0.51171875 0.18359375 0.51171875 0.17578125 0.515625 0.171875 0.515625 0.16015625 0.51171875 0.15625 0.51171875 0.13671875 0.5078125 0.1328125 0.5078125 0.12890625 0.50390625 0.125 0.50390625 0.12109375 0.5 0.1171875
0 0.68359375 0.125 0.6796875 0.12890625 0.67578125 0.12890625 0.66796875 0.13671875 0.66796875 0.14453125 0.6640625 0.1484375 0.6640625 0.16796875 0.66796875 0.171875 0.66796875 0.18359375 0.671875 0.1875 0.671875 0.19140625 0.68359375 0.203125 0.703125 0.203125 0.70703125 0.19921875 0.7109375 0.19921875 0.71875 0.19140625 0.72265625 0.19140625 0.734375 0.1796875 0.734375 0.15625 0.73046875 0.15234375 0.73046875 0.14453125 0.7265625 0.14453125 0.71875 0.13671875 0.71875 0.1328125 0.71484375 0.1328125 0.7109375 0.12890625 0.7109375 0.125
0 0.7265625 0.7578125 0.71875 0.765625 0.71484375 0.765625 0.70703125 0.7734375 0.70703125 0.77734375 0.703125 0.78125 0.703125 0.8046875 0.70703125 0.80859375 0.70703125 0.8125 0.7109375 0.81640625 0.73828125 0.81640625 0.7421875 0.8125 0.74609375 0.8125 0.75 0.80859375 0.75390625 0.80859375 0.7578125 0.8046875 0.7578125 0.796875 0.76171875 0.79296875 0.76171875 0.7890625 0.765625 0.78515625 0.765625 0.76953125 0.76171875 0.765625 0.76171875 0.76171875 0.75390625 0.76171875 0.75 0.7578125
