0 0.77734375 0.5390625 0.76953125 0.546875 0.76953125 0.56640625 0.7734375 0.5703125 0.7734375 0.57421875 0.77734375 0.578125 0.77734375 0.58203125 0.7890625 0.59375 0.80859375 0.59375 0.8125 0.58984375 0.8125 0.5859375 0.81640625 0.58203125 0.81640625 0.57421875 0.8125 0.5703125 0.8125 0.5625 0.80859375 0.55859375 0.80859375 0.5546875 0.8046875 0.55078125 0.8046875 0.546875 0.80078125 0.54296875 0.796875 0.54296875 0.79296875 0.5390625
0 0.69921875 0.296875 0.6953125 0.30078125 0.69140625 0.30078125 0.6875 0.3046875 0.68359375 0.3046875 0.6796875 0.30859375 0.6796875 0.31640625 0.67578125 0.3203125 0.67578125 0.328125 0.6796875 0.33203125 0.6796875 0.3359375 0.68359375 0.33984375 0.6875 0.33984375 0.69140625 0.34375 0.703125 0.34375 0.70703125 0.33984375 0.71875 0.33984375 0.72265625 0.3359375 0.7265625 0.3359375 0.734375 0.328125 0.734375 0.32421875 0.73828125 0.3203125 0.73828125 0.3046875 0.73046875 0.296875
0 0.3984375 0.515625 0.38671875 0.52734375 0.38671875 0.53125 0.3828125 0.53515625 0.3828125 0.56640625 0.38671875 0.5703125 0.38671875 0.57421875 0.3984375 0.5859375 0.41015625 0.5859375 0.4140625 0.58203125 0.41796875 0.58203125 0.421875 0.578125 0.421875 0.57421875 0.42578125 0.5703125 0.42578125 0.56640625 0.4296875 0.5625 0.4296875 0.53515625 0.42578125 0.53125 0.42578125 0.52734375 0.4140625 0.515625
0 0.1640625 0.7578125 0.16015625 0.76171875 0.15625 0.76171875 0.15234375 0.765625 0.1484375 0.765625 0.14453125 0.76953125 0.14453125 0.7734375 0.13671875 0.78125 0.13671875 0.78515625 0.1328125 0.7890625 0.1328125 0.796875 0.12890625 0.80078125 0.12890625 0.81640625 0.1328125 0.8203125 0.1328125 0.82421875 0.140625 0.83203125 0.171875 0.83203125 0.1796875 0.82421875 0.1796875 0.8203125 0.1875 0.8125 0.1875 0.80859375 0.1953125 0.80078125 0.1953125 0.7734375 0.19140625 0.76953125 0.19140625 0.765625 0.1875 0.76171875 0.18359375 0.76171875 0.1796875 0.7578125
0 0.484375 0.90234375 0.4765625 0.91015625 0.4765625 0.9140625 0.47265625 0.91796875 0.47265625 0.953125 0.4765625 0.95703125 0.4765625 0.9609375 0.48046875 0.9609375 0.484375 0.96484375 0.49609375 0.96484375 0.5 0.9609375 0.50390625 0.9609375 0.50390625 0.95703125 0.5078125 0.953125 0.5078125 0.94921875 0.51171875 0.9453125 0.51171875 0.91796875 0.5078125 0.9140625 0.5078125 0.91015625 0.5 0.90234375
0 0.6171875 0.6484375 0.609375 0.65625 0.609375 0.671875 0.61328125 0.67578125 0.61328125 0.6796875 0.6171875 0.68359375 0.6171875 0.69140625 0.62109375 0.6953125 0.62890625 0.6953125 0.6328125 0.69921875 0.65234375 0.69921875 0.66015625 0.69140625 0.66015625 0.67578125 0.65625 0.671875 0.65625 0.66796875 0.63671875 0.6484375
0 0.80859375 0.34375 0.80078125 0.3515625 0.80078125 0.375 0.80859375 0.3828125 0.8125 0.3828125 0.81640625 0.38671875 0.83203125 0.38671875 0.84375 0.375 0.84375 0.3515625 0.8359375 0.34375
0 0.49609375 0.0 0.49609375 0.0078125 0.4921875 0.01171875 0.4921875 0.0234375 0.48828125 0.02734375 0.4921875 0.03125 0.4921875 0.03515625 0.49609375 0.0390625 0.515625 0.0390625 0.515625 0.03515625 0.5234375 0.02734375 0.5234375 0.0234375 0.52734375 0.01953125 0.52734375 0.01171875 0.53125 0.0078125 0.53125 0.00390625 0.52734375 0.0
0 0.93359375 0.484375 0.92578125 0.4921875 0.92578125 0.5078125 0.9296875 0.51171875 0.9296875 0.515625 0.94140625 0.52734375 0.9453125 0.52734375 0.94921875 0.53125 0.96875 0.53125 0.97265625 0.52734375 0.97265625 0.5234375 0.9765625 0.51953125 0.9765625 0.5078125 0.97265625 0.50390625 0.97265625 0.5 0.96875 0.5 0.95703125 0.48828125 0.94921875 0.48828125 0.9453125 0.484375
0 0.66015625 0.484375 0.65625 0.48828125 0.6484375 0.48828125 0.6484375 0.4921875 0.64453125 0.49609375 0.64453125 0.51171875 0.65625 0.5234375 0.66015625 0.5234375 0.6640625 0.52734375 0.66796875 0.52734375 0.671875 0.53125 0.6796875 0.53125 0.68359375 0.52734375 0.6875 0.52734375 0.69140625 0.5234375 0.69140625 0.50390625 0.6875 0.5 0.6875 0.49609375 0.68359375 0.4921875 0.6796875 0.4921875 0.671875 0.484375
