0 0.6875 0.109375 0.68359375 0.11328125 0.68359375 0.1328125 0.6875 0.13671875 0.6875 0.140625 0.6953125 0.1484375 0.69921875 0.1484375 0.7109375 0.13671875 0.7109375 0.12109375 0.69921875 0.109375
0 0.01171875 0.65625 0.0078125 0.66015625 0.0078125 0.67578125 0.015625 0.68359375 0.01953125 0.68359375 0.0234375 0.6875 0.02734375 0.6875 0.03125 0.69140625 0.05078125 0.69140625 0.0546875 0.6875 0.0546875 0.6796875 0.05078125 0.67578125 0.05078125 0.671875 0.04296875 0.6640625 0.03515625 0.6640625 0.03125 0.66015625 0.01953125 0.66015625 0.015625 0.65625
0 0.51953125 0.0 0.51953125 0.015625 0.52734375 0.0234375 0.53515625 0.0234375 0.546875 0.01171875 0.546875 0.00390625 0.54296875 0.0
0 0.92578125 0.796875 0.921875 0.80078125 0.91796875 0.80078125 0.9140625 0.8046875 0.9140625 0.81640625 0.91796875 0.8203125 0.9375 0.8203125 0.94140625 0.81640625 0.94140625 0.80078125 0.9375 0.796875
0 0.98046875 0.8359375 0.97265625 0.84375 0.97265625 0.8515625 0.984375 0.86328125 0.99609375 0.86328125 0.99609375 0.83984375 0.98828125 0.83984375 0.984375 0.8359375
0 0.94921875 0.68359375 0.9453125 0.6875 0.94140625 0.6875 0.9375 0.69140625 0.9375 0.6953125 0.93359375 0.69921875 0.93359375 0.703125 0.9296875 0.70703125 0.9296875 0.71484375 0.93359375 0.71875 0.93359375 0.72265625 0.9375 0.7265625 0.94140625 0.7265625 0.953125 0.71484375 0.953125 0.7109375 0.95703125 0.70703125 0.95703125 0.6875 0.953125 0.68359375
0 0.9765625 0.73828125 0.97265625 0.7421875 0.97265625 0.74609375 0.96875 0.75 0.96875 0.75390625 0.96484375 0.7578125 0.96484375 0.7890625 0.96875 0.79296875 0.9765625 0.79296875 0.99609375 0.7734375 0.99609375 0.74609375 0.98828125 0.73828125
0 0.5703125 0.03125 0.56640625 0.03515625 0.56640625 0.06640625 0.5703125 0.0703125 0.57421875 0.0703125 0.578125 0.06640625 0.58203125 0.06640625 0.58984375 0.05859375 0.58984375 0.04296875 0.58203125 0.03515625 0.578125 0.03515625 0.57421875 0.03125
0 0.921875 0.7578125 0.91796875 0.76171875 0.91796875 0.7734375 0.92578125 0.78125 0.94140625 0.78125 0.94921875 0.7734375 0.94921875 0.76953125 0.94140625 0.76171875 0.9375 0.76171875 0.93359375 0.7578125
0 0.48828125 0.15625 0.48046875 0.1640625 0.48046875 0.16796875 0.4765625 0.171875 0.4765625 0.19140625 0.484375 0.19921875 0.48828125 0.19921875 0.4921875 0.203125 0.5078125 0.203125 0.515625 0.1953125 0.515625 0.19140625 0.51953125 0.1875 0.51953125 0.16796875 0.51171875 0.16015625 0.5078125 0.16015625 0.50390625 0.15625
0 0.79296875 0.69140625 0.78125 0.703125 0.78125 0.72265625 0.7890625 0.73046875 0.7890625 0.734375 0.79296875 0.73828125 0.8125 0.73828125 0.81640625 0.734375 0.81640625 0.73046875 0.8203125 0.7265625 0.8203125 0.72265625 0.82421875 0.71875 0.82421875 0.71484375 0.81640625 0.70703125 0.81640625 0.703125 0.8046875 0.69140625
