0 0.234375 0.0 0.234375 0.00390625 0.2421875 0.01171875 0.26171875 0.01171875 0.265625 0.0078125 0.265625 0.0
0 0.1796875 0.48828125 0.16015625 0.5078125 0.16015625 0.51171875 0.15625 0.515625 0.15625 0.52734375 0.1640625 0.53515625 0.16796875 0.53515625 0.171875 0.5390625 0.1796875 0.5390625 0.18359375 0.53515625 0.1875 0.53515625 0.1953125 0.52734375 0.19921875 0.52734375 0.2109375 0.515625 0.2109375 0.51171875 0.21484375 0.5078125 0.21484375 0.5 0.203125 0.48828125
0 0.18359375 0.22265625 0.17578125 0.23046875 0.17578125 0.2734375 0.18359375 0.28125 0.1953125 0.28125 0.19921875 0.27734375 0.19921875 0.2734375 0.20703125 0.265625 0.20703125 0.26171875 0.2109375 0.2578125 0.2109375 0.24609375 0.20703125 0.2421875 0.20703125 0.23046875 0.19921875 0.22265625
0 0.359375 0.96484375 0.3515625 0.97265625 0.34375 0.97265625 0.33203125 0.984375 0.33203125 0.99609375 0.37890625 0.99609375 0.3828125 0.9921875 0.3828125 0.96875 0.37890625 0.96484375
0 0.74609375 0.24609375 0.734375 0.2578125 0.734375 0.26171875 0.73046875 0.265625 0.73046875 0.28515625 0.734375 0.2890625 0.734375 0.29296875 0.7421875 0.30078125 0.7578125 0.30078125 0.7734375 0.28515625 0.7734375 0.2578125 0.76171875 0.24609375
0 0.17578125 0.890625 0.171875 0.89453125 0.16796875 0.89453125 0.1640625 0.8984375 0.16015625 0.8984375 0.15234375 0.90625 0.15234375 0.92578125 0.15625 0.9296875 0.16015625 0.9296875 0.1640625 0.93359375 0.171875 0.93359375 0.17578125 0.9296875 0.1875 0.9296875 0.19140625 0.92578125 0.1953125 0.92578125 0.203125 0.91796875 0.203125 0.9140625 0.20703125 0.91015625 0.20703125 0.90625 0.203125 0.90234375 0.203125 0.8984375 0.19921875 0.89453125 0.1953125 0.89453125 0.19140625 0.890625
0 0.0 0.08203125 0.0 0.12109375 0.01171875 0.12109375 0.015625 0.1171875 0.01953125 0.1171875 0.03125 0.10546875 0.03125 0.08984375 0.0234375 0.08203125
0 0.01953125 0.7265625 0.015625 0.73046875 0.01171875 0.73046875 0.0078125 0.734375 0.00390625 0.734375 0.0 0.73828125 0.0 0.7734375 0.01953125 0.7734375 0.0234375 0.76953125 0.02734375 0.76953125 0.0390625 0.7578125 0.0390625 0.75390625 0.04296875 0.75 0.04296875 0.734375 0.03515625 0.7265625
0 0.60546875 0.390625 0.6015625 0.39453125 0.59375 0.39453125 0.58984375 0.3984375 0.58984375 0.40625 0.5859375 0.41015625 0.5859375 0.4296875 0.58984375 0.43359375 0.58984375 0.44140625 0.59375 0.4453125 0.59375 0.453125 0.609375 0.46875 0.6328125 0.46875 0.63671875 0.46484375 0.63671875 0.45703125 0.640625 0.453125 0.640625 0.4296875 0.63671875 0.42578125 0.63671875 0.41796875 0.6328125 0.4140625 0.6328125 0.41015625 0.625 0.40234375 0.625 0.3984375 0.62109375 0.39453125 0.6171875 0.39453125 0.61328125 0.390625
0 0.890625 0.68359375 0.8828125 0.69140625 0.8828125 0.703125 0.89453125 0.71484375 0.8984375 0.71484375 0.90234375 0.71875 0.921875 0.71875 0.92578125 0.71484375 0.9296875 0.71484375 0.93359375 0.7109375 0.93359375 0.69921875 0.921875 0.6875 0.9140625 0.6875 0.91015625 0.68359375
